100
0
0
0
0
0
0
0
0
0
0
0
0
0
0
0
0
0
0
0
0
0
0
0
0
0
0
0
0
0
0
0
0
0
0
0
0
0
0
0

100
49.9276
30.0902
20.7228
15.5628
12.3563
10.1786
8.6005
7.40067
6.45459
5.68716
5.05049
4.51262
4.05138
3.65095
3.2997
2.98887
2.71175
2.46307
2.23866
2.03513
1.8497
1.68005
1.52426
1.38064
1.24778
1.12441
1.00945
0.901902
0.800891
0.705617
0.615348
0.529406
0.447162
0.368024
0.291429
0.216841
0.143742
0.0716267
0

100
69.6201
49.7103
37.2384
29.172
23.684
19.7577
16.8228
14.5476
12.7306
11.2436
10.0023
8.94867
8.04204
7.25282
6.55907
5.94413
5.39514
4.90198
4.45654
4.05225
3.6837
3.34636
3.03642
2.75062
2.48614
2.24051
2.01156
1.79734
1.59611
1.40629
1.22642
1.05516
0.891259
0.733537
0.580878
0.432213
0.286512
0.14277
0

100
78.8427
61.8927
49.3484
40.2031
33.45
28.3454
24.3854
21.2366
18.6766
16.5547
14.7664
13.2379
11.9154
10.7594
9.73977
8.83359
8.02287
7.29332
6.63343
6.0338
5.48663
4.98541
4.52459
4.09943
3.70579
3.34006
2.99905
2.6799
2.38003
2.09711
1.82897
1.57364
1.32924
1.09404
0.866375
0.644653
0.427342
0.212947
0

100
83.8579
69.6694
58.0594
48.8418
41.5678
35.7884
31.1371
27.3369
24.1846
21.5321
19.2711
17.3212
15.6226
14.1297
12.8072
11.6278
10.5696
9.61522
8.75028
7.96309
7.24385
6.58428
5.97733
5.4169
4.89771
4.41507
3.96486
3.54334
3.14716
2.77327
2.41884
2.08128
1.75812
1.44709
1.14599
0.852726
0.565282
0.281686
0

100
86.9194
74.8678
64.3781
55.5372
48.1911
42.1035
37.0378
32.7895
29.1931
26.1184
23.4646
21.1536
19.1244
17.3298
15.732
14.3011
13.013
11.8479
10.7897
9.82471
8.94166
8.13079
7.38379
6.69341
6.05332
5.45791
4.90218
4.38164
3.8922
3.43014
2.99201
2.57463
2.175
1.7903
1.41783
1.05503
0.699408
0.348526
0

100
88.9521
78.5041
69.0482
60.7377
53.5561
47.3969
42.1213
37.5905
33.68
30.2842
27.3158
24.7042
22.3921
20.3333
18.4901
16.8319
15.3335
13.9741
12.7361
11.6048
10.5676
9.61377
8.73394
7.91993
7.16453
6.46133
5.80458
5.18907
4.61009
4.06328
3.54463
3.0504
2.57709
2.12138
1.68011
1.25023
0.828829
0.413024
0

100
90.3849
81.1486
72.5729
64.8096
57.8989
51.8067
46.4602
41.7715
37.6526
34.0226
30.8105
27.9557
25.4069
23.1214
21.0635
19.2033
17.5156
15.9793
14.5762
13.2911
12.1106
11.0231
10.0186
9.0882
8.2239
7.41864
6.66604
5.96028
5.29606
4.66849
4.07303
3.50544
2.96174
2.43816
1.93108
1.43704
0.952695
0.474756
0

100
91.4389
83.1324
75.2854
68.0292
61.4232
55.4713
50.1416
45.383
41.1366
37.3435
33.9484
30.9014
28.1588
25.6825
23.4398
21.4026
19.5468
17.8515
16.2989
14.8733
13.5609
12.3499
11.2297
10.1907
9.2246
8.32366
7.48099
6.69027
5.94569
5.24187
4.5738
3.93681
3.32647
2.73858
2.16913
1.61425
1.0702
0.533322
0

100
92.2385
84.6568
77.4073
70.5988
64.2935
58.5138
53.2522
48.4824
44.1677
40.2669
36.7386
33.5433
30.6448
28.0103
25.611
23.421
21.4179
19.5817
17.8951
16.3426
14.9104
13.5865
12.3599
11.2209
10.1605
9.17081
8.24438
7.37448
6.55488
5.77978
5.04377
4.34176
3.66894
3.02073
2.39273
1.78072
1.1806
0.588347
0

100
92.8584
85.8491
79.0883
72.6653
66.6387
61.0384
55.8713
51.1273
46.7853
42.8182
39.1961
35.8888
32.8671
30.1037
27.5733
25.2531
23.1225
21.1629
19.3577
17.692
16.1522
14.7263
13.4031
12.1728
11.0263
9.95512
8.95165
8.00879
7.11993
6.27894
5.48004
4.71779
3.98703
3.28283
2.60048
1.93542
1.2832
0.639486
0

100
93.3461
86.7931
80.4317
74.3356
68.5577
63.1302
58.0677
53.3704
49.0283
45.0249
41.3393
37.9493
34.8318
31.9645
29.3259
26.8962
24.6566
22.5903
20.6815
18.916
17.2807
15.7637
14.354
13.0416
11.8172
10.6722
9.59877
8.5895
7.63751
6.73636
5.87997
5.0626
4.27878
3.52329
2.79111
2.07737
1.37735
0.686419
0

100
93.7331
87.5455
81.5101
75.688
70.1264
64.8574
59.8993
55.2587
50.9333
46.914
43.1876
39.7377
36.5469
33.5971
30.8704
28.3496
26.0182
23.8607
21.8626
20.0104
18.2916
16.6945
15.2082
13.8229
12.5291
11.3183
10.1822
9.11338
8.10467
7.1494
6.24123
5.37416
4.54247
3.74066
2.96345
2.20573
1.4625
0.728862
0

100
94.0409
88.146
82.3751
76.7802
71.4029
66.2741
61.4136
56.8322
52.5325
48.511
44.7598
41.2677
38.0216
35.0072
32.2097
29.6143
27.2065
24.9724
22.8985
20.9722
19.1814
17.5149
15.9622
14.5132
13.1588
11.8901
10.6989
9.5776
8.51883
7.51572
6.56174
5.65065
4.77653
3.93364
3.11649
2.31972
1.53811
0.766558
0

100
94.2845
88.6225
83.0644
77.655
72.4314
67.4226
62.6494
58.1245
53.8539
49.8382
46.0734
42.5522
39.2652
36.2009
33.3474
30.692
28.2219
25.9245
23.7875
21.799
19.9476
18.2223
16.6129
15.1097
13.7032
12.3849
11.1463
9.97977
8.87779
7.83333
6.83971
5.89052
4.97962
4.10112
3.24932
2.41866
1.60376
0.799284
0

100
94.4748
88.9954
83.6054
78.3441
73.2452
68.3361
63.6373
59.1628
54.921
50.915
47.1439
43.6034
40.2865
37.1846
34.2878
31.5851
29.0653
26.717
24.5287
22.4895
20.5882
18.8145
17.1583
15.6099
14.1602
12.8004
11.5223
10.3179
9.17968
8.10055
7.07364
6.09242
5.15061
4.24215
3.36118
2.502
1.65905
0.826849
0

100
94.6193
89.279
84.0177
78.871
73.8697
69.0397
64.4012
59.969
55.7527
51.7575
47.9845
44.4314
41.0935
37.964
35.0346
32.2959
29.7379
27.35
25.1218
23.0426
21.102
19.2899
17.5965
16.0121
14.5279
13.135
11.8251
10.5903
9.423
8.31597
7.26228
6.25527
5.28854
4.35592
3.45143
2.56924
1.70366
0.849095
0

100
94.7235
89.4837
84.3159
79.2527
74.3233
69.5521
64.9592
60.5597
56.364
52.3785
48.6057
45.0449
41.6928
38.5441
35.5915
32.8268
30.241
27.8242
25.5665
23.4578
21.4881
19.6474
17.9262
16.315
14.8048
13.3871
12.0534
10.7957
9.60654
8.47852
7.40464
6.37819
5.39267
4.44182
3.51958
2.62002
1.73736
0.865893
0

100
94.791
89.6165
84.5095
79.5011
74.6189
69.8868
65.3244
60.947
56.7656
52.7873
49.0154
45.4503
42.0895
38.9286
35.9612
33.1797
30.5757
28.14
25.8629
23.7348
21.7458
19.8862
18.1465
16.5175
14.9901
13.5558
12.2061
10.9332
9.72944
8.58737
7.49999
6.46052
5.46242
4.49937
3.56524
2.65404
1.75993
0.87715
0

100
94.8243
89.6818
84.6049
79.6235
74.7647
70.052
65.5049
61.1387
56.9647
52.9902
49.219
45.652
42.2871
39.1202
36.1456
33.3559
30.743
28.2979
26.0112
23.8734
21.8748
20.0058
18.2569
16.6189
15.083
13.6403
12.2828
11.0022
9.79109
8.64199
7.54784
6.50184
5.49743
4.52826
3.58816
2.67112
1.77127
0.882801
0

100
94.8243
89.6819
84.6049
79.6236
74.7648
70.0521
65.505
61.1389
56.9648
52.9903
49.2192
45.6521
42.2872
39.1204
36.1458
33.3561
30.7432
28.2981
26.0114
23.8736
21.875
20.006
18.2571
16.6191
15.0831
13.6405
12.2829
11.0024
9.79122
8.64211
7.54795
6.50194
5.49752
4.52833
3.58822
2.67117
1.7713
0.882815
0

100
94.7911
89.6166
84.5097
79.5013
74.6191
69.887
65.3247
60.9473
56.766
52.7877
49.0158
45.4507
42.09
38.9291
35.9617
33.1803
30.5763
28.1406
25.8635
23.7354
21.7463
19.8867
18.147
16.518
14.9906
13.5562
12.2066
10.9337
9.72983
8.58773
7.50031
6.46081
5.46267
4.49958
3.56541
2.65417
1.76002
0.877192
0

100
94.7235
89.4838
84.3161
79.253
74.3237
69.5526
64.9597
60.5602
56.3646
52.3791
48.6064
45.0457
41.6936
38.5449
35.5924
32.8277
30.2419
27.8251
25.5674
23.4587
21.489
19.6483
17.927
16.3158
14.8057
13.3879
12.0541
10.7964
9.60718
8.47911
7.40517
6.37866
5.39307
4.44217
3.51986
2.62023
1.7375
0.865963
0

100
94.6194
89.2792
84.0181
78.8714
73.8702
69.0403
64.4019
59.9698
55.7536
51.7585
47.9855
44.4325
41.0946
37.9652
35.0358
32.2971
29.7391
27.3513
25.123
23.0438
21.1033
19.2911
17.5977
16.0133
14.529
13.136
11.8261
10.5912
9.42388
8.31678
7.26301
6.25592
5.2891
4.35639
3.45181
2.56953
1.70386
0.84919
0

100
94.4749
88.9956
83.6058
78.3446
73.2459
68.3369
63.6381
59.1638
54.9221
50.9162
47.1452
43.6047
40.2879
37.1861
34.2893
31.5866
29.0668
26.7185
24.5303
22.491
20.5898
18.816
17.1598
15.6114
14.1616
12.8018
11.5236
10.3191
9.18078
8.10156
7.07455
6.09323
5.15131
4.24274
3.36165
2.50236
1.65929
0.826969
0

100
94.2847
88.6229
83.0649
77.6556
72.4321
67.4236
62.6504
58.1256
53.8552
49.8396
46.0749
42.5538
39.2668
36.2026
33.3492
30.6938
28.2237
25.9264
23.7894
21.8009
19.9494
18.2241
16.6147
15.1114
13.7049
12.3864
11.1478
9.98117
8.87909
7.83453
6.84079
5.89147
4.98045
4.10182
3.24988
2.41908
1.60404
0.799425
0

100
94.0411
88.1463
82.3757
76.7809
71.4038
66.2751
61.4148
56.8335
52.5339
48.5126
44.7614
41.2695
38.0234
35.0091
32.2117
29.6163
27.2086
24.9745
22.9006
20.9743
19.1835
17.517
15.9642
14.5152
13.1606
11.8919
10.7006
9.57919
8.5203
7.51707
6.56296
5.65174
4.77746
3.93443
3.11712
2.32019
1.53843
0.766718
0

100
93.7333
87.5459
81.5106
75.6888
70.1274
64.8585
59.9005
55.2601
50.9348
46.9158
43.1894
39.7397
36.549
33.5992
30.8726
28.3519
26.0205
23.863
21.865
20.0128
18.2939
16.6967
15.2104
13.825
12.5312
11.3202
10.1841
9.11512
8.10629
7.15088
6.24257
5.37535
4.54349
3.74152
2.96415
2.20625
1.46285
0.729037
0

100
93.3464
86.7935
80.4324
74.3364
68.5587
63.1314
58.0691
53.3719
49.03
45.0267
41.3413
37.9514
34.834
31.9668
29.3283
26.8986
24.6591
22.5928
20.684
18.9185
17.2832
15.7661
14.3564
13.0439
11.8194
10.6743
9.60075
8.59136
7.63924
6.73794
5.8814
5.06387
4.27988
3.52422
2.79185
2.07793
1.37773
0.686606
0

100
92.8587
85.8496
79.089
72.6661
66.6397
61.0397
55.8727
51.1289
46.787
42.8201
39.1982
35.891
32.8694
30.106
27.5757
25.2556
23.125
21.1655
19.3603
17.6945
16.1547
14.7287
13.4056
12.1752
11.0286
9.9573
8.95371
8.01072
7.12173
6.28059
5.48153
4.71911
3.98817
3.28379
2.60126
1.936
1.28359
0.63968
0

100
92.2388
84.6573
77.408
70.5997
64.2946
58.5151
53.2537
48.4841
44.1695
40.2688
36.7406
33.5455
30.6471
28.0127
25.6134
23.4235
21.4204
19.5843
17.8977
16.3452
14.913
13.589
12.3624
11.2233
10.1628
9.17302
8.24647
7.37645
6.55671
5.78146
5.04528
4.3431
3.6701
3.0217
2.39351
1.78132
1.181
0.588545
0

100
91.4392
83.1329
75.2861
68.0301
61.4242
55.4725
50.143
45.3846
41.1384
37.3455
33.9505
30.9036
28.1611
25.6849
23.4422
21.4051
19.5493
17.8541
16.3015
14.8758
13.5635
12.3525
11.2322
10.1931
9.2269
8.32585
7.48307
6.69222
5.9475
5.24352
4.5753
3.93814
3.32762
2.73955
2.16991
1.61484
1.0706
0.533518
0

100
90.3851
81.149
72.5736
64.8105
57.8999
51.808
46.4616
41.7731
37.6543
34.0245
30.8125
27.9578
25.4091
23.1237
21.0659
19.2057
17.5181
15.9818
14.5787
13.2936
12.1131
11.0256
10.021
9.09051
8.22612
7.42076
6.66805
5.96217
5.29781
4.67009
4.07448
3.50673
2.96286
2.43909
1.93183
1.43761
0.953074
0.474945
0

100
88.9523
78.5045
69.0488
60.7385
53.5571
47.398
42.1226
37.592
33.6816
30.2859
27.3177
24.7062
22.3942
20.3354
18.4923
16.8342
15.3359
13.9765
12.7385
11.6071
10.5699
9.61606
8.73617
7.9221
7.16662
6.46333
5.80647
5.19085
4.61173
4.06478
3.54599
3.05161
2.57814
2.12226
1.68081
1.25077
0.829185
0.413202
0

100
86.9196
74.8681
64.3786
55.5379
48.192
42.1045
37.039
32.7909
29.1946
26.12
23.4663
21.1553
19.1263
17.3317
15.734
14.3031
13.0151
11.85
10.7918
9.82684
8.94376
8.13286
7.38581
6.69537
6.05521
5.45971
4.90389
4.38324
3.89369
3.4315
2.99325
2.57573
2.17595
1.79109
1.41847
1.05552
0.69973
0.348687
0

100
83.858
69.6697
58.0599
48.8424
41.5686
35.7893
31.1381
27.3381
24.1859
21.5335
19.2725
17.3228
15.6243
14.1314
12.809
11.6296
10.5715
9.61705
8.75212
7.96492
7.24566
6.58606
5.97907
5.4186
4.89934
4.41663
3.96633
3.54472
3.14845
2.77445
2.41991
2.08222
1.75894
1.44778
1.14654
0.853143
0.565561
0.281825
0

100
78.8428
61.8929
49.3487
40.2035
33.4506
28.3461
24.3863
21.2375
18.6776
16.5558
14.7676
13.2391
11.9167
10.7607
9.74117
8.83503
8.02433
7.2948
6.63491
6.03527
5.4881
4.98685
4.526
4.10079
3.7071
3.34131
3.00024
2.68101
2.38107
2.09806
1.82983
1.5744
1.3299
1.09459
0.866821
0.644989
0.427566
0.213059
0

100
69.6202
49.7105
37.2387
29.1724
23.6844
19.7582
16.8234
14.5483
12.7313
11.2444
10.0031
8.94956
8.04297
7.25379
6.56006
5.94515
5.39618
4.90303
4.45759
4.0533
3.68473
3.34738
3.03742
2.75159
2.48707
2.2414
2.0124
1.79813
1.59685
1.40696
1.22703
1.0557
0.891727
0.73393
0.581195
0.432452
0.286671
0.142849
0

100
49.9276
30.0903
20.723
15.563
12.3566
10.1789
8.60081
7.40101
6.45497
5.68758
5.05094
4.51309
4.05187
3.65147
3.30023
2.98941
2.7123
2.46363
2.23922
2.03568
1.85025
1.6806
1.52479
1.38116
1.24827
1.12489
1.0099
0.902322
0.801281
0.705975
0.615671
0.529692
0.44741
0.368232
0.291597
0.216968
0.143826
0.0716689
0

100
0
0
0
0
0
0
0
0
0
0
0
0
0
0
0
0
0
0
0
0
0
0
0
0
0
0
0
0
0
0
0
0
0
0
0
0
0
0
0

