98
96.0004
94.0017
92.0038
90.0069
88.011
86.0162
84.0225
82.03
80.0387
78.0488
76.0602
74.073
72.0874
70.1033
68.1208
66.14
64.161
62.1839
60.2086
58.2353
56.264
54.2948
52.3277
50.3627
48.4
46.4395
44.4813
42.5255
40.5719
38.6207
36.6718
34.7252
32.7809
30.8389
28.8991
26.9614
25.0259
23.0923
21.1606
19.2308
17.3026
15.376
13.4508
11.5268
9.60396
7.68203
5.76086
3.84026
1.92003
-5.90698e-08
-1.92003
-3.84026
-5.76086
-7.68203
-9.60396
-11.5268
-13.4508
-15.376
-17.3026
-19.2308
-21.1606
-23.0923
-25.0259
-26.9614
-28.8991
-30.8389
-32.7809
-34.7252
-36.6718
-38.6207
-40.5719
-42.5255
-44.4813
-46.4395
-48.4
-50.3627
-52.3277
-54.2948
-56.264
-58.2353
-60.2086
-62.1839
-64.161
-66.14
-68.1208
-70.1033
-72.0874
-74.073
-76.0602
-78.0488
-80.0387
-82.03
-84.0225
-86.0162
-88.011
-90.0069
-92.0038
-94.0017
-96.0004

97.9596
95.9592
93.9596
91.961
89.9632
87.9666
85.9709
83.9765
81.9832
79.9912
78.0005
76.0112
74.0234
72.0371
70.0525
68.0695
66.0883
64.1089
62.1314
60.1559
58.1824
56.211
54.2418
52.2748
50.31
48.3477
46.3876
44.43
42.4749
40.5222
38.5719
36.6242
34.6789
32.7361
30.7956
28.8576
26.9218
24.9883
23.057
21.1277
19.2003
17.2748
15.3509
13.4286
11.5076
9.5878
7.66901
5.75104
3.83368
1.91674
-5.77889e-08
-1.91674
-3.83368
-5.75104
-7.66901
-9.5878
-11.5076
-13.4286
-15.3509
-17.2748
-19.2003
-21.1277
-23.057
-24.9883
-26.9218
-28.8576
-30.7956
-32.7361
-34.6789
-36.6242
-38.5719
-40.5222
-42.4749
-44.43
-46.3876
-48.3477
-50.31
-52.2748
-54.2418
-56.211
-58.1824
-60.1559
-62.1314
-64.1089
-66.0883
-68.0695
-70.0525
-72.0371
-74.0234
-76.0112
-78.0005
-79.9912
-81.9832
-83.9765
-85.9709
-87.9666
-89.9632
-91.961
-93.9596
-95.9592

97.9184
95.9171
93.9167
91.9171
89.9186
87.921
85.9245
83.9292
81.9351
79.9423
77.9508
75.9608
73.9723
71.9853
70
68.0164
66.0347
64.0548
62.0769
60.1011
58.1273
56.1558
54.1865
52.2196
50.255
48.2929
46.3333
44.3763
42.4218
40.4699
38.5207
36.5741
34.6301
32.6888
30.75
28.8138
26.88
24.9486
23.0196
21.0928
19.1681
17.2453
15.3243
13.405
11.4872
9.57063
7.65517
5.7406
3.82669
1.91323
-5.6506e-08
-1.91323
-3.82669
-5.7406
-7.65517
-9.57063
-11.4872
-13.405
-15.3243
-17.2453
-19.1681
-21.0928
-23.0196
-24.9486
-26.88
-28.8138
-30.75
-32.6888
-34.6301
-36.5741
-38.5207
-40.4699
-42.4218
-44.3763
-46.3333
-48.2929
-50.255
-52.2196
-54.1865
-56.1558
-58.1273
-60.1011
-62.0769
-64.0548
-66.0347
-68.0164
-70
-71.9853
-73.9723
-75.9608
-77.9508
-79.9423
-81.9351
-83.9292
-85.9245
-87.921
-89.9186
-91.9171
-93.9167
-95.9171

97.8764
95.8742
93.8728
91.8723
89.8728
87.8744
85.877
83.8807
81.8857
79.892
77.8997
75.9088
73.9195
71.9318
69.9458
67.9616
65.9792
63.9988
62.0204
60.0442
58.0701
56.0984
54.129
52.162
50.1976
48.2357
46.2765
44.3199
42.3661
40.4151
38.4668
36.5214
34.5788
32.6389
30.7018
28.7675
26.8358
24.9066
22.98
21.0558
19.1338
17.214
15.2961
13.38
11.4655
9.55237
7.64045
5.72949
3.81925
1.9095
-5.52208e-08
-1.9095
-3.81925
-5.72949
-7.64045
-9.55237
-11.4655
-13.38
-15.2961
-17.214
-19.1338
-21.0558
-22.98
-24.9066
-26.8358
-28.7675
-30.7018
-32.6389
-34.5788
-36.5214
-38.4668
-40.4151
-42.3661
-44.3199
-46.2765
-48.2357
-50.1976
-52.162
-54.129
-56.0984
-58.0701
-60.0442
-62.0204
-63.9988
-65.9792
-67.9616
-69.9458
-71.9318
-73.9195
-75.9088
-77.8997
-79.892
-81.8857
-83.8807
-85.877
-87.8744
-89.8728
-91.8723
-93.8728
-95.8742

97.8336
95.8304
93.8281
91.8266
89.8261
87.8266
85.8282
83.831
81.8351
79.8404
77.8471
75.8554
73.8652
71.8766
69.8898
67.9048
65.9218
63.9407
61.9618
59.9851
58.0106
56.0386
54.069
52.1019
50.1375
48.1758
46.2169
44.2609
42.3077
40.3575
38.4102
36.4659
34.5246
32.5863
30.6509
28.7185
26.7889
24.8621
22.9381
21.0165
19.0975
17.1807
15.2661
13.3533
11.4424
9.53293
7.62477
5.71765
3.81132
1.90553
-5.39333e-08
-1.90553
-3.81132
-5.71765
-7.62477
-9.53293
-11.4424
-13.3533
-15.2661
-17.1807
-19.0975
-21.0165
-22.9381
-24.8621
-26.7889
-28.7185
-30.6509
-32.5863
-34.5246
-36.4659
-38.4102
-40.3575
-42.3077
-44.2609
-46.2169
-48.1758
-50.1375
-52.1019
-54.069
-56.0386
-58.0106
-59.9851
-61.9618
-63.9407
-65.9218
-67.9048
-69.8898
-71.8766
-73.8652
-75.8554
-77.8471
-79.8404
-81.8351
-83.831
-85.8282
-87.8266
-89.8261
-91.8266
-93.8281
-95.8304

97.7901
95.7858
93.7824
91.7799
89.7783
87.7778
85.7783
83.7801
81.7831
79.7874
77.7931
75.8003
73.8092
71.8197
69.832
67.8462
65.8623
63.8805
61.901
59.9236
57.9487
55.9763
54.0064
52.0392
50.0748
48.1132
46.1546
44.1989
42.2463
40.2968
38.3505
36.4074
34.4674
32.5307
30.5971
28.6667
26.7393
24.8149
22.8935
20.9748
19.0588
17.1453
15.2341
13.325
11.4178
9.5122
7.60804
5.70501
3.80286
1.90128
-5.26432e-08
-1.90128
-3.80286
-5.70501
-7.60804
-9.5122
-11.4178
-13.325
-15.2341
-17.1453
-19.0588
-20.9748
-22.8935
-24.8149
-26.7393
-28.6667
-30.5971
-32.5307
-34.4674
-36.4074
-38.3505
-40.2968
-42.2463
-44.1989
-46.1546
-48.1132
-50.0748
-52.0392
-54.0064
-55.9763
-57.9487
-59.9236
-61.901
-63.8805
-65.8623
-67.8462
-69.832
-71.8197
-73.8092
-75.8003
-77.7931
-79.7874
-81.7831
-83.7801
-85.7783
-87.7778
-89.7783
-91.7799
-93.7824
-95.7858

97.7457
95.7404
93.7358
91.7322
89.7295
87.7278
85.7273
83.7279
81.7297
79.7329
77.7376
75.7437
73.7515
71.761
69.7723
67.7855
65.8008
63.8182
61.8378
59.8599
57.8843
55.9114
53.9412
51.9737
50.0092
48.0476
46.0892
44.1339
42.1818
40.2331
38.2877
36.3457
34.4071
32.4719
30.5401
28.6118
26.6867
24.7648
22.8462
20.9305
19.0177
17.1076
15.2
13.2947
11.3915
9.49006
7.59016
5.69152
3.79381
1.89675
-5.13504e-08
-1.89675
-3.79381
-5.69152
-7.59016
-9.49006
-11.3915
-13.2947
-15.2
-17.1076
-19.0177
-20.9305
-22.8462
-24.7648
-26.6867
-28.6118
-30.5401
-32.4719
-34.4071
-36.3457
-38.2877
-40.2331
-42.1818
-44.1339
-46.0892
-48.0476
-50.0092
-51.9737
-53.9412
-55.9114
-57.8843
-59.8599
-61.8378
-63.8182
-65.8008
-67.7855
-69.7723
-71.761
-73.7515
-75.7437
-77.7376
-79.7329
-81.7297
-83.7279
-85.7273
-87.7278
-89.7295
-91.7322
-93.7358
-95.7404

97.7006
95.6941
93.6884
91.6836
89.6797
87.6768
85.675
83.6744
81.6751
79.6771
77.6805
75.6855
73.6921
71.7004
69.7107
67.7228
65.7371
63.7536
61.7724
59.7936
57.8174
55.8439
53.8731
51.9054
49.9406
47.979
46.0206
44.0656
42.114
40.1659
38.2214
36.2805
34.3433
32.4097
30.4798
28.5535
26.6308
24.7116
22.7958
20.8832
18.9738
17.0674
15.1636
13.2624
11.3634
9.46638
7.57105
5.67707
3.78413
1.89189
-5.00548e-08
-1.89189
-3.78413
-5.67707
-7.57105
-9.46638
-11.3634
-13.2624
-15.1636
-17.0674
-18.9738
-20.8832
-22.7958
-24.7116
-26.6308
-28.5535
-30.4798
-32.4097
-34.3433
-36.2805
-38.2214
-40.1659
-42.114
-44.0656
-46.0206
-47.979
-49.9406
-51.9054
-53.8731
-55.8439
-57.8174
-59.7936
-61.7724
-63.7536
-65.7371
-67.7228
-69.7107
-71.7004
-73.6921
-75.6855
-77.6805
-79.6771
-81.6751
-83.6744
-85.675
-87.6768
-89.6797
-91.6836
-93.6884
-95.6941

97.6548
95.6471
93.6401
91.634
89.6289
87.6247
85.6216
83.6197
81.619
79.6197
77.6219
75.6256
73.6309
71.638
69.6471
67.6581
65.6712
63.6866
61.7044
59.7248
57.7477
55.7735
53.8022
51.8339
49.8689
47.9071
45.9487
43.9939
42.0427
40.0952
38.1516
36.2118
34.2759
32.3439
30.4158
28.4917
26.5714
24.6549
22.7421
20.8329
18.927
17.0244
15.1247
13.2278
11.3333
9.44103
7.55056
5.66159
3.77376
1.88669
-4.8756e-08
-1.88669
-3.77376
-5.66159
-7.55056
-9.44103
-11.3333
-13.2278
-15.1247
-17.0244
-18.927
-20.8329
-22.7421
-24.6549
-26.5714
-28.4917
-30.4158
-32.3439
-34.2759
-36.2118
-38.1516
-40.0952
-42.0427
-43.9939
-45.9487
-47.9071
-49.8689
-51.8339
-53.8022
-55.7735
-57.7477
-59.7248
-61.7044
-63.6866
-65.6712
-67.6581
-69.6471
-71.638
-73.6309
-75.6256
-77.6219
-79.6197
-81.619
-83.6197
-85.6216
-87.6247
-89.6289
-91.634
-93.6401
-95.6471

97.6082
95.5992
93.591
91.5835
89.577
87.5715
85.567
83.5637
81.5617
79.561
77.5617
75.564
73.568
71.5738
69.5815
67.5912
65.6031
63.6173
61.634
59.6533
57.6753
55.7002
53.7282
51.7593
49.7938
47.8317
45.8733
43.9186
41.9677
40.0207
38.0778
36.1391
34.2045
32.2741
30.348
28.426
26.5083
24.5946
22.6849
20.7791
18.877
16.9784
15.0831
13.1908
11.3011
9.41383
7.52858
5.64497
3.76261
1.88109
-4.74539e-08
-1.88109
-3.76261
-5.64497
-7.52858
-9.41383
-11.3011
-13.1908
-15.0831
-16.9784
-18.877
-20.7791
-22.6849
-24.5946
-26.5083
-28.426
-30.348
-32.2741
-34.2045
-36.1391
-38.0778
-40.0207
-41.9677
-43.9186
-45.8733
-47.8317
-49.7938
-51.7593
-53.7282
-55.7002
-57.6753
-59.6533
-61.634
-63.6173
-65.6031
-67.5912
-69.5815
-71.5738
-73.568
-75.564
-77.5617
-79.561
-81.5617
-83.5637
-85.567
-87.5715
-89.577
-91.5835
-93.591
-95.5992

97.561
95.5506
93.541
91.5322
89.5242
87.5172
85.5113
83.5065
81.503
79.5008
77.5
75.5008
73.5033
71.5076
69.5138
67.5221
65.5327
63.5456
61.561
59.5791
57.6
55.6239
53.651
51.6814
49.7153
47.7528
45.7941
43.8394
41.8887
39.9422
38
36.0622
34.1289
32.2001
30.2759
28.3562
26.441
24.5302
22.6239
20.7217
18.8235
16.9292
15.0385
13.151
11.2665
9.38462
7.50495
5.6271
3.75062
1.87508
-4.61483e-08
-1.87508
-3.75062
-5.6271
-7.50495
-9.38462
-11.2665
-13.151
-15.0385
-16.9292
-18.8235
-20.7217
-22.6239
-24.5302
-26.441
-28.3562
-30.2759
-32.2001
-34.1289
-36.0622
-38
-39.9422
-41.8887
-43.8394
-45.7941
-47.7528
-49.7153
-51.6814
-53.651
-55.6239
-57.6
-59.5791
-61.561
-63.5456
-65.5327
-67.5221
-69.5138
-71.5076
-73.5033
-75.5008
-77.5
-79.5008
-81.503
-83.5065
-85.5113
-87.5172
-89.5242
-91.5322
-93.541
-95.5506

97.5131
95.5013
93.4902
91.4799
89.4704
87.4619
85.4544
83.4481
81.4429
79.4391
77.4367
75.4359
73.4368
71.4394
69.4441
67.4508
65.4598
63.4713
61.4853
59.502
57.5217
55.5445
53.5705
51.6
49.6331
47.6701
45.711
43.7561
41.8055
39.8593
37.9178
35.9809
34.0488
32.1215
30.1992
28.2818
26.3692
24.4615
22.5586
20.6602
18.7662
16.8764
14.9905
13.1083
11.2293
9.35317
7.47951
5.60784
3.7377
1.86859
-4.48388e-08
-1.86859
-3.7377
-5.60784
-7.47951
-9.35317
-11.2293
-13.1083
-14.9905
-16.8764
-18.7662
-20.6602
-22.5586
-24.4615
-26.3692
-28.2818
-30.1992
-32.1215
-34.0488
-35.9809
-37.9178
-39.8593
-41.8055
-43.7561
-45.711
-47.6701
-49.6331
-51.6
-53.5705
-55.5445
-57.5217
-59.502
-61.4853
-63.4713
-65.4598
-67.4508
-69.4441
-71.4394
-73.4368
-75.4359
-77.4367
-79.4391
-81.4429
-83.4481
-85.4544
-87.4619
-89.4704
-91.4799
-93.4902
-95.5013

97.4645
95.4512
93.4386
91.4268
89.4157
87.4056
85.3964
83.3884
81.3815
79.376
77.3719
75.3693
73.3684
71.3694
69.3723
67.3773
65.3846
63.3944
61.4068
59.422
57.4403
55.4617
53.4865
51.515
49.5472
47.5834
45.6238
43.6685
41.7178
39.7719
37.8308
35.8947
33.9638
32.0381
30.1176
28.2025
26.2927
24.3881
22.4887
20.5942
18.7047
16.8197
14.939
13.0623
11.1892
9.31926
7.45205
5.58706
3.72376
1.86159
-4.35251e-08
-1.86159
-3.72376
-5.58706
-7.45205
-9.31926
-11.1892
-13.0623
-14.939
-16.8197
-18.7047
-20.5942
-22.4887
-24.3881
-26.2927
-28.2025
-30.1176
-32.0381
-33.9638
-35.8947
-37.8308
-39.7719
-41.7178
-43.6685
-45.6238
-47.5834
-49.5472
-51.515
-53.4865
-55.4617
-57.4403
-59.422
-61.4068
-63.3944
-65.3846
-67.3773
-69.3723
-71.3694
-73.3684
-75.3693
-77.3719
-79.376
-81.3815
-83.3884
-85.3964
-87.4056
-89.4157
-91.4268
-93.4386
-95.4512

97.4154
95.4005
93.3863
91.3728
89.3601
87.3483
85.3374
83.3275
81.3189
79.3115
77.3055
75.301
73.2983
71.2973
69.2983
67.3015
65.3069
63.3149
61.3255
59.3391
57.3557
55.3756
53.399
51.4261
49.4572
47.4925
45.5321
43.5764
41.6255
39.6796
37.7388
35.8035
33.8736
31.9493
30.0308
28.1179
26.2109
24.3095
22.4137
20.5235
18.6385
16.7586
14.8835
13.0127
11.1459
9.28264
7.42238
5.56459
3.70867
1.85401
-4.2207e-08
-1.85401
-3.70867
-5.56459
-7.42238
-9.28264
-11.1459
-13.0127
-14.8835
-16.7586
-18.6385
-20.5235
-22.4137
-24.3095
-26.2109
-28.1179
-30.0308
-31.9493
-33.8736
-35.8035
-37.7388
-39.6796
-41.6255
-43.5764
-45.5321
-47.4925
-49.4572
-51.4261
-53.399
-55.3756
-57.3557
-59.3391
-61.3255
-63.3149
-65.3069
-67.3015
-69.2983
-71.2973
-73.2983
-75.301
-77.3055
-79.3115
-81.3189
-83.3275
-85.3374
-87.3483
-89.3601
-91.3728
-93.3863
-95.4005

97.3656
95.3492
93.3333
91.3181
89.3036
87.29
85.2772
83.2655
81.2549
79.2455
77.2376
75.2311
73.2263
71.2233
69.2222
67.2233
65.2268
63.2327
61.2414
59.253
57.2678
55.2859
53.3077
51.3333
49.3631
47.3972
45.4359
43.4795
41.5281
39.582
37.6415
35.7067
33.7778
31.8549
29.9381
28.0276
26.1233
24.2253
22.3333
20.4474
18.5673
16.6928
14.8235
12.9591
11.0991
9.243
7.39024
5.54023
3.69231
1.8458
-4.0884e-08
-1.8458
-3.69231
-5.54023
-7.39024
-9.243
-11.0991
-12.9591
-14.8235
-16.6928
-18.5673
-20.4474
-22.3333
-24.2253
-26.1233
-28.0276
-29.9381
-31.8549
-33.7778
-35.7067
-37.6415
-39.582
-41.5281
-43.4795
-45.4359
-47.3972
-49.3631
-51.3333
-53.3077
-55.2859
-57.2678
-59.253
-61.2414
-63.2327
-65.2268
-67.2233
-69.2222
-71.2233
-73.2263
-75.2311
-77.2376
-79.2455
-81.2549
-83.2655
-85.2772
-87.29
-89.3036
-91.3181
-93.3333
-95.3492

97.3154
95.2973
93.2797
91.2627
89.2463
87.2308
85.2161
83.2023
81.1897
79.1783
77.1681
75.1595
73.1525
71.1473
69.144
67.1429
65.1441
63.1478
61.1543
59.1638
57.1765
55.1926
53.2125
51.2364
49.2646
47.2973
45.3348
43.3774
41.4254
39.479
37.5385
35.604
33.6759
31.7543
29.8393
27.931
26.0296
24.1349
22.2469
20.3655
18.4906
16.6217
14.7587
12.9011
11.0484
9.2
7.35536
5.51378
3.67453
1.83687
-3.95557e-08
-1.83687
-3.67453
-5.51378
-7.35536
-9.2
-11.0484
-12.9011
-14.7587
-16.6217
-18.4906
-20.3655
-22.2469
-24.1349
-26.0296
-27.931
-29.8393
-31.7543
-33.6759
-35.604
-37.5385
-39.479
-41.4254
-43.3774
-45.3348
-47.2973
-49.2646
-51.2364
-53.2125
-55.1926
-57.1765
-59.1638
-61.1543
-63.1478
-65.1441
-67.1429
-69.144
-71.1473
-73.1525
-75.1595
-77.1681
-79.1783
-81.1897
-83.2023
-85.2161
-87.2308
-89.2463
-91.2627
-93.2797
-95.2973

97.2648
95.2449
93.2254
91.2065
89.1883
87.1707
85.1539
83.1381
81.1233
79.1096
77.0972
75.0863
73.0769
71.0693
69.0636
67.0601
65.0588
63.0601
61.0642
59.0713
57.0817
55.0956
53.1134
51.1353
49.1616
47.1926
45.2286
43.27
41.3171
39.3701
37.4293
35.4951
33.5676
31.6471
29.7337
27.8277
25.929
24.0377
22.1538
20.2772
18.4076
16.5449
14.6885
12.8382
10.9933
9.15326
7.31741
5.48498
3.65517
1.82714
-3.82216e-08
-1.82714
-3.65517
-5.48498
-7.31741
-9.15326
-10.9933
-12.8382
-14.6885
-16.5449
-18.4076
-20.2772
-22.1538
-24.0377
-25.929
-27.8277
-29.7337
-31.6471
-33.5676
-35.4951
-37.4293
-39.3701
-41.3171
-43.27
-45.2286
-47.1926
-49.1616
-51.1353
-53.1134
-55.0956
-57.0817
-59.0713
-61.0642
-63.0601
-65.0588
-67.0601
-69.0636
-71.0693
-73.0769
-75.0863
-77.0972
-79.1096
-81.1233
-83.1381
-85.1539
-87.1707
-89.1883
-91.2065
-93.2254
-95.2449

97.2137
95.192
93.1706
91.1498
89.1295
87.1098
85.0909
83.0728
81.0557
79.0397
77.0249
75.0115
72.9996
70.9894
68.9811
66.9749
64.971
62.9697
60.9711
58.9756
56.9834
54.9948
53.0101
51.0297
49.0538
47.0828
45.1171
43.157
41.2028
39.2549
37.3136
35.3793
33.4522
31.5327
29.6208
27.7169
25.821
23.9332
22.0535
20.1818
18.3179
16.4615
14.6123
12.7698
10.9333
9.10233
7.27602
5.45355
3.63403
1.81651
-3.68813e-08
-1.81651
-3.63403
-5.45355
-7.27602
-9.10233
-10.9333
-12.7698
-14.6123
-16.4615
-18.3179
-20.1818
-22.0535
-23.9332
-25.821
-27.7169
-29.6208
-31.5327
-33.4522
-35.3793
-37.3136
-39.2549
-41.2028
-43.157
-45.1171
-47.0828
-49.0538
-51.0297
-53.0101
-54.9948
-56.9834
-58.9756
-60.9711
-62.9697
-64.971
-66.9749
-68.9811
-70.9894
-72.9996
-75.0115
-77.0249
-79.0397
-81.0557
-83.0728
-85.0909
-87.1098
-89.1295
-91.1498
-93.1706
-95.192

97.1623
95.1387
93.1154
91.0925
89.0701
87.0482
85.027
83.0066
80.9871
78.9686
76.9512
74.9352
72.9206
70.9076
68.8966
66.8875
64.8807
62.8765
60.875
58.8766
56.8815
54.8901
52.9027
50.9196
48.9412
46.9679
45
43.038
41.0822
39.1331
37.191
35.2563
33.3294
31.4105
29.5
27.5981
25.7049
23.8206
21.9452
20.0786
18.2206
16.371
14.5294
12.6952
10.8679
9.04671
7.23077
5.41917
3.61089
1.80488
-3.55342e-08
-1.80488
-3.61089
-5.41917
-7.23077
-9.04671
-10.8679
-12.6952
-14.5294
-16.371
-18.2206
-20.0786
-21.9452
-23.8206
-25.7049
-27.5981
-29.5
-31.4105
-33.3294
-35.2563
-37.191
-39.1331
-41.0822
-43.038
-45
-46.9679
-48.9412
-50.9196
-52.9027
-54.8901
-56.8815
-58.8766
-60.875
-62.8765
-64.8807
-66.8875
-68.8966
-70.9076
-72.9206
-74.9352
-76.9512
-78.9686
-80.9871
-83.0066
-85.027
-87.0482
-89.0701
-91.0925
-93.1154
-95.1387

97.1107
95.0851
93.0597
91.0347
89.0101
86.9859
84.9624
82.9395
80.9174
78.8963
76.8762
74.8574
72.8399
70.824
68.8099
66.7978
64.7879
62.7805
60.7758
58.7742
56.7759
54.7814
52.7908
50.8047
48.8235
46.8474
44.877
42.9128
40.955
39.0043
37.061
35.1256
33.1984
31.28
29.3706
27.4705
25.5799
23.6991
21.8281
19.9667
18.115
16.2726
14.439
12.6139
10.7964
8.9858
7.18117
5.38144
3.58549
1.7921
-3.41795e-08
-1.7921
-3.58549
-5.38144
-7.18117
-8.9858
-10.7964
-12.6139
-14.439
-16.2726
-18.115
-19.9667
-21.8281
-23.6991
-25.5799
-27.4705
-29.3706
-31.28
-33.1984
-35.1256
-37.061
-39.0043
-40.955
-42.9128
-44.877
-46.8474
-48.8235
-50.8047
-52.7908
-54.7814
-56.7759
-58.7742
-60.7758
-62.7805
-64.7879
-66.7978
-68.8099
-70.824
-72.8399
-74.8574
-76.8762
-78.8963
-80.9174
-82.9395
-84.9624
-86.9859
-89.0101
-91.0347
-93.0597
-95.0851

97.0588
95.0312
93.0037
90.9765
88.9496
86.9231
84.897
82.8716
80.8468
78.8229
76.8
74.7782
72.7577
70.7387
68.7213
66.7059
64.6926
62.6817
60.6736
58.6685
56.6667
54.6686
52.6746
50.6851
48.7005
46.7213
44.748
42.781
40.8208
38.868
36.9231
34.9865
33.0588
31.1405
29.2318
27.3333
25.4453
23.5678
21.7011
19.8452
18
16.1651
14.3402
12.5248
10.7179
8.91892
7.12664
5.33993
3.55752
1.77802
-3.28165e-08
-1.77802
-3.55752
-5.33993
-7.12664
-8.91892
-10.7179
-12.5248
-14.3402
-16.1651
-18
-19.8452
-21.7011
-23.5678
-25.4453
-27.3333
-29.2318
-31.1405
-33.0588
-34.9865
-36.9231
-38.868
-40.8208
-42.781
-44.748
-46.7213
-48.7005
-50.6851
-52.6746
-54.6686
-56.6667
-58.6685
-60.6736
-62.6817
-64.6926
-66.7059
-68.7213
-70.7387
-72.7577
-74.7782
-76.8
-78.8229
-80.8468
-82.8716
-84.897
-86.9231
-88.9496
-90.9765
-93.0037
-95.0312

97.0069
94.9772
92.9475
90.918
88.8887
86.8597
84.8311
82.803
80.7754
78.7486
76.7227
74.6977
72.674
70.6516
68.6308
66.6118
64.5949
62.5803
60.5684
58.5594
56.5537
54.5517
52.5538
50.5605
48.5722
46.5894
44.6126
42.6423
40.6792
38.7239
36.7768
34.8386
32.9099
30.9912
29.083
27.1857
25.2999
23.4257
21.5635
19.7131
17.8746
16.0477
14.232
12.427
10.6317
8.84527
7.06651
5.29412
3.52663
1.76247
-3.14445e-08
-1.76247
-3.52663
-5.29412
-7.06651
-8.84527
-10.6317
-12.427
-14.232
-16.0477
-17.8746
-19.7131
-21.5635
-23.4257
-25.2999
-27.1857
-29.083
-30.9912
-32.9099
-34.8386
-36.7768
-38.7239
-40.6792
-42.6423
-44.6126
-46.5894
-48.5722
-50.5605
-52.5538
-54.5517
-56.5537
-58.5594
-60.5684
-62.5803
-64.5949
-66.6118
-68.6308
-70.6516
-72.674
-74.6977
-76.7227
-78.7486
-80.7754
-82.803
-84.8311
-86.8597
-88.8887
-90.918
-92.9475
-94.9772

96.9549
94.9231
92.8912
90.8593
88.8276
86.796
84.7647
82.7338
80.7033
78.6734
76.6443
74.6161
72.5889
70.5629
68.5385
66.5157
64.4948
62.4762
60.4602
58.447
56.4371
54.4308
52.4286
50.4309
48.4384
46.4514
44.4706
42.4966
40.53
38.5714
36.6216
34.6812
32.7509
30.8313
28.9231
27.0268
25.1429
23.2718
21.4138
19.5691
17.7376
15.9191
14.1132
12.3193
10.5366
8.76391
7
5.24338
3.49239
1.74522
-3.00623e-08
-1.74522
-3.49239
-5.24338
-7
-8.76391
-10.5366
-12.3193
-14.1132
-15.9191
-17.7376
-19.5691
-21.4138
-23.2718
-25.1429
-27.0268
-28.9231
-30.8313
-32.7509
-34.6812
-36.6216
-38.5714
-40.53
-42.4966
-44.4706
-46.4514
-48.4384
-50.4309
-52.4286
-54.4308
-56.4371
-58.447
-60.4602
-62.4762
-64.4948
-66.5157
-68.5385
-70.5629
-72.5889
-74.6161
-76.6443
-78.6734
-80.7033
-82.7338
-84.7647
-86.796
-88.8276
-90.8593
-92.8912
-94.9231

96.9031
94.869
92.8348
90.8005
88.7663
86.732
84.6979
82.6641
80.6306
78.5975
76.565
74.5333
72.5025
70.4728
68.4444
66.4176
64.3926
62.3696
60.3491
58.3314
56.3168
54.3057
52.2987
50.2963
48.2989
46.3072
44.3218
42.3434
40.3726
38.4103
36.457
34.5138
32.5812
30.6601
28.7513
26.8553
24.973
23.1047
21.2509
19.4118
17.5875
15.7778
13.9823
12.2005
10.4314
8.67374
6.92617
5.18699
3.4543
1.72603
-2.86689e-08
-1.72603
-3.4543
-5.18699
-6.92617
-8.67374
-10.4314
-12.2005
-13.9823
-15.7778
-17.5875
-19.4118
-21.2509
-23.1047
-24.973
-26.8553
-28.7513
-30.6601
-32.5812
-34.5138
-36.457
-38.4103
-40.3726
-42.3434
-44.3218
-46.3072
-48.2989
-50.2963
-52.2987
-54.3057
-56.3168
-58.3314
-60.3491
-62.3696
-64.3926
-66.4176
-68.4444
-70.4728
-72.5025
-74.5333
-76.565
-78.5975
-80.6306
-82.6641
-84.6979
-86.732
-88.7663
-90.8005
-92.8348
-94.869

96.8514
94.8151
92.7785
90.7418
88.7049
86.6679
84.6309
82.5941
80.5574
78.521
76.4851
74.4497
72.4151
70.3814
68.3489
66.3177
64.2882
62.2606
60.2353
58.2126
56.1929
54.1767
52.1644
50.1566
48.1538
46.1568
44.1661
42.1826
40.2069
38.2399
36.2825
34.3356
32.4
30.4767
28.5665
26.6704
24.789
22.9231
21.0732
19.2396
17.4227
15.6222
13.8378
12.069
10.3146
8.57347
6.84393
5.12409
3.41176
1.70458
-2.7263e-08
-1.70458
-3.41176
-5.12409
-6.84393
-8.57347
-10.3146
-12.069
-13.8378
-15.6222
-17.4227
-19.2396
-21.0732
-22.9231
-24.789
-26.6704
-28.5665
-30.4767
-32.4
-34.3356
-36.2825
-38.2399
-40.2069
-42.1826
-44.1661
-46.1568
-48.1538
-50.1566
-52.1644
-54.1767
-56.1929
-58.2126
-60.2353
-62.2606
-64.2882
-66.3177
-68.3489
-70.3814
-72.4151
-74.4497
-76.4851
-78.521
-80.5574
-82.5941
-84.6309
-86.6679
-88.7049
-90.7418
-92.7785
-94.8151

96.8
94.7614
92.7224
90.6831
88.6436
86.6038
84.5638
82.5238
80.4839
78.4441
76.4045
74.3653
72.3267
70.2889
68.252
66.2162
64.1819
62.1494
60.1189
58.0908
56.0656
54.0437
52.0256
50.0118
48.0031
46
44.0033
42.0139
40.0325
38.06
36.0976
34.146
32.2065
30.2801
28.3678
26.4706
24.5895
22.7254
20.8791
19.0509
17.2414
15.4504
13.6778
11.9228
10.1846
8.46154
6.75195
5.05363
3.36407
1.68051
-2.5843e-08
-1.68051
-3.36407
-5.05363
-6.75195
-8.46154
-10.1846
-11.9228
-13.6778
-15.4504
-17.2414
-19.0509
-20.8791
-22.7254
-24.5895
-26.4706
-28.3678
-30.2801
-32.2065
-34.146
-36.0976
-38.06
-40.0325
-42.0139
-44.0033
-46
-48.0031
-50.0118
-52.0255
-54.0437
-56.0656
-58.0908
-60.1189
-62.1494
-64.1819
-66.2162
-68.252
-70.2889
-72.3267
-74.3653
-76.4045
-78.4441
-80.4839
-82.5238
-84.5638
-86.6038
-88.6436
-90.6831
-92.7224
-94.7614

96.749
94.7081
92.6667
90.6248
88.5825
86.5398
84.4968
82.4536
80.4103
78.3669
76.3235
74.2804
72.2376
70.1954
68.1538
66.1133
64.0739
62.036
60
57.9662
55.935
53.9068
51.8824
49.8621
47.8466
45.8368
43.8333
41.8371
39.8491
37.8702
35.9016
33.9445
32
30.0694
28.1538
26.2547
24.3731
22.5101
20.6667
18.8436
17.0414
15.2603
13.5
11.76
10.0392
8.33611
6.64865
4.97436
3.31034
1.65338
-2.44073e-08
-1.65338
-3.31034
-4.97436
-6.64865
-8.33611
-10.0392
-11.76
-13.5
-15.2603
-17.0414
-18.8436
-20.6667
-22.5101
-24.3731
-26.2547
-28.1538
-30.0694
-32
-33.9445
-35.9016
-37.8702
-39.8491
-41.8371
-43.8333
-45.8368
-47.8466
-49.8621
-51.8824
-53.9068
-55.935
-57.9662
-60
-62.036
-64.0739
-66.1133
-68.1538
-70.1954
-72.2376
-74.2804
-76.3235
-78.3669
-80.4103
-82.4536
-84.4968
-86.5398
-88.5825
-90.6248
-92.6667
-94.7081

96.6986
94.6553
92.6114
90.5668
88.5217
86.4761
84.43
82.3835
80.3367
78.2896
76.2424
74.1951
72.148
70.1012
68.0548
66.0091
63.9644
61.9209
59.8789
57.8389
55.8013
53.7664
51.735
49.7075
47.6846
45.6672
43.6561
41.6522
39.6565
37.6701
35.6943
33.7303
31.7796
29.8435
27.9236
26.0212
24.1379
22.2751
20.4339
18.6154
16.8203
15.0492
13.3019
11.5779
9.87611
8.19495
6.53211
4.88476
3.24953
1.62264
-2.29537e-08
-1.62264
-3.24953
-4.88476
-6.53211
-8.19495
-9.87611
-11.5779
-13.3019
-15.0492
-16.8203
-18.6154
-20.4339
-22.2751
-24.1379
-26.0212
-27.9236
-29.8435
-31.7796
-33.7303
-35.6943
-37.6701
-39.6565
-41.6522
-43.6561
-45.6672
-47.6846
-49.7075
-51.735
-53.7664
-55.8013
-57.8389
-59.8789
-61.9209
-63.9644
-66.0091
-68.0548
-70.1012
-72.148
-74.1951
-76.2424
-78.2896
-80.3367
-82.3835
-84.43
-86.4761
-88.5217
-90.5668
-92.6114
-94.6553

96.6488
94.6031
92.5567
90.5095
88.4615
86.4129
84.3636
82.3138
80.2633
78.2125
76.1612
74.1097
72.0581
70.0065
67.9551
65.904
63.8537
61.8042
59.756
57.7093
55.6647
53.6226
51.5836
49.5482
47.5172
45.4914
43.4717
41.459
39.4545
37.4595
35.4751
33.503
31.5446
29.6016
27.6757
25.7687
23.8824
22.0184
20.1783
18.3636
16.5753
14.8142
13.0803
11.3734
9.69231
8.03536
6.4
4.78296
3.18033
1.58763
-2.14799e-08
-1.58763
-3.18033
-4.78296
-6.4
-8.03536
-9.69231
-11.3734
-13.0803
-14.8142
-16.5753
-18.3636
-20.1783
-22.0184
-23.8824
-25.7687
-27.6757
-29.6016
-31.5446
-33.503
-35.4751
-37.4595
-39.4545
-41.459
-43.4717
-45.4914
-47.5172
-49.5482
-51.5836
-53.6226
-55.6647
-57.7093
-59.756
-61.8042
-63.8537
-65.904
-67.9551
-70.0065
-72.0581
-74.1097
-76.1612
-78.2125
-80.2633
-82.3138
-84.3636
-86.4129
-88.4615
-90.5095
-92.5567
-94.6031

96.5998
94.5517
92.5027
90.4528
88.402
86.3504
84.2979
82.2445
80.1905
78.1357
76.0804
74.0245
71.9682
69.9116
67.8549
65.7983
63.742
61.6863
59.6314
57.5777
55.5257
53.4758
51.4286
49.3846
47.3447
45.3096
43.2802
41.2577
39.2432
37.2381
35.2438
33.2618
31.2941
29.3425
27.4089
25.4955
23.6044
21.7377
19.8974
18.0854
16.3031
14.5517
12.8317
11.1429
9.48428
7.85408
6.24945
4.66667
3.10112
1.54751
-1.99829e-08
-1.54751
-3.10112
-4.66667
-6.24945
-7.85408
-9.48428
-11.1429
-12.8317
-14.5517
-16.3031
-18.0854
-19.8974
-21.7377
-23.6044
-25.4955
-27.4089
-29.3425
-31.2941
-33.2618
-35.2438
-37.2381
-39.2432
-41.2577
-43.2802
-45.3096
-47.3447
-49.3846
-51.4286
-53.4758
-55.5257
-57.5777
-59.6314
-61.6863
-63.742
-65.7983
-67.8549
-69.9116
-71.9682
-74.0245
-76.0804
-78.1357
-80.1905
-82.2445
-84.2979
-86.3504
-88.402
-90.4528
-92.5027
-94.5517

96.5517
94.5012
92.4497
90.3971
88.3434
86.2887
84.2329
82.1761
80.1183
78.0596
76
73.9396
71.8785
69.8168
67.7547
65.6923
63.6298
61.5675
59.5056
57.4445
55.3846
53.3263
51.2703
49.217
47.1673
45.122
43.082
41.0484
39.0226
37.0059
35
33.0066
31.0276
29.0653
27.122
25.2
23.302
21.4306
19.5882
17.7774
16
14.2578
12.5517
10.882
9.24771
7.64706
6.07692
4.53301
3.0099
1.50125
-1.84593e-08
-1.50125
-3.0099
-4.53301
-6.07692
-7.64706
-9.24771
-10.882
-12.5517
-14.2578
-16
-17.7774
-19.5882
-21.4306
-23.302
-25.2
-27.122
-29.0653
-31.0276
-33.0066
-35
-37.0059
-39.0226
-41.0484
-43.082
-45.122
-47.1673
-49.217
-51.2703
-53.3263
-55.3846
-57.4445
-59.5056
-61.5675
-63.6298
-65.6923
-67.7547
-69.8168
-71.8785
-73.9396
-76
-78.0596
-80.1183
-82.1761
-84.2329
-86.2887
-88.3434
-90.3971
-92.4497
-94.5012

96.5047
94.4518
92.3977
90.3424
88.2858
86.228
84.1689
82.1086
80.0471
77.9843
75.9204
73.8555
71.7895
69.7225
67.6548
65.5864
63.5175
61.4483
59.3791
57.3101
55.2419
53.1747
51.1092
49.0459
46.9855
44.929
42.8773
40.8315
38.7929
36.7631
34.7438
32.7368
30.7445
28.7692
26.8136
24.8805
22.9731
21.0943
19.2475
17.4357
15.6616
13.9276
12.2353
10.5854
8.97733
7.40933
5.87798
4.37838
2.90411
1.44751
-1.69048e-08
-1.44751
-2.90411
-4.37838
-5.87798
-7.40933
-8.97733
-10.5854
-12.2353
-13.9276
-15.6616
-17.4357
-19.2475
-21.0943
-22.9731
-24.8805
-26.8136
-28.7692
-30.7445
-32.7368
-34.7438
-36.7631
-38.7929
-40.8315
-42.8773
-44.929
-46.9855
-49.0459
-51.1092
-53.1747
-55.2419
-57.3101
-59.3791
-61.4483
-63.5175
-65.5864
-67.6548
-69.7225
-71.7895
-73.8555
-75.9204
-77.9843
-80.0471
-82.1086
-84.1689
-86.228
-88.2858
-90.3424
-92.3977
-94.4518

96.4589
94.4037
92.347
90.289
88.2295
86.1686
84.1062
82.0423
79.977
77.9102
75.842
73.7724
71.7014
69.6291
67.5556
65.481
63.4054
61.3291
59.2522
57.1751
55.098
53.0215
50.9458
48.8718
46.8
44.7313
42.6667
40.6073
38.5545
36.5098
34.4751
32.4526
30.4444
28.4535
26.4828
24.5355
22.6154
20.7262
18.8718
17.0562
15.283
13.5556
11.8763
10.2466
8.66667
7.13467
5.64706
4.1982
2.78049
1.38462
-1.53144e-08
-1.38462
-2.78049
-4.1982
-5.64706
-7.13467
-8.66667
-10.2466
-11.8763
-13.5556
-15.283
-17.0562
-18.8718
-20.7262
-22.6154
-24.5355
-26.4828
-28.4535
-30.4444
-32.4526
-34.4751
-36.5098
-38.5545
-40.6073
-42.6667
-44.7313
-46.8
-48.8718
-50.9458
-53.0215
-55.098
-57.1751
-59.2522
-61.3291
-63.4054
-65.481
-67.5556
-69.6291
-71.7014
-73.7724
-75.842
-77.9102
-79.977
-82.0423
-84.1062
-86.1686
-88.2295
-90.289
-92.347
-94.4037

96.4145
94.3569
92.2977
90.237
88.1746
86.1106
84.0449
81.9775
79.9084
77.8376
75.765
73.6906
71.6145
69.5368
67.4574
65.3765
63.2941
61.2104
59.1257
57.04
54.9537
52.8673
50.781
48.6955
46.6114
44.5295
42.4509
40.3765
38.3079
36.2466
34.1945
32.1538
30.1272
28.1176
26.1284
24.1634
22.2268
20.3231
18.4573
16.6341
14.8586
13.1351
11.4674
9.85799
8.30769
6.81529
5.37705
3.98658
2.63481
1.31034
-1.36816e-08
-1.31034
-2.63481
-3.98658
-5.37705
-6.81529
-8.30769
-9.85799
-11.4674
-13.1351
-14.8586
-16.6341
-18.4573
-20.3231
-22.2268
-24.1634
-26.1284
-28.1176
-30.1272
-32.1538
-34.1945
-36.2466
-38.3079
-40.3765
-42.4509
-44.5295
-46.6114
-48.6955
-50.781
-52.8673
-54.9537
-57.04
-59.1257
-61.2104
-63.2941
-65.3765
-67.4574
-69.5368
-71.6145
-73.6906
-75.765
-77.8376
-79.9084
-81.9775
-84.0449
-86.1106
-88.1746
-90.237
-92.2977
-94.3569

96.3716
94.3116
92.25
90.1866
88.1214
86.0544
83.9854
81.9145
79.8416
77.7666
75.6897
73.6106
71.5294
69.4462
67.3608
65.2735
63.1841
61.0929
59
56.9055
54.8097
52.7129
50.6154
48.5178
46.4206
44.3246
42.2308
40.1401
38.0541
35.9742
33.9024
31.8412
29.7931
27.7615
25.75
23.763
21.8053
19.8824
18
16.1645
14.382
12.6588
11
9.40984
7.89041
6.44128
5.05882
3.73585
2.46154
1.22179
-1.19986e-08
-1.22179
-2.46154
-3.73585
-5.05882
-6.44128
-7.89041
-9.40984
-11
-12.6588
-14.382
-16.1645
-18
-19.8824
-21.8053
-23.763
-25.75
-27.7615
-29.7931
-31.8412
-33.9024
-35.9742
-38.0541
-40.1401
-42.2308
-44.3246
-46.4206
-48.5178
-50.6154
-52.7129
-54.8097
-56.9055
-59
-61.0929
-63.1841
-65.2735
-67.3608
-69.4462
-71.5294
-73.6106
-75.6897
-77.7666
-79.8416
-81.9145
-83.9854
-86.0544
-88.1214
-90.1866
-92.25
-94.3116

96.3303
94.2681
92.204
90.138
88.0701
86
83.9278
81.8534
79.7768
77.6978
75.6164
73.5326
71.4464
69.3576
67.2663
65.1724
63.076
60.9772
58.8759
56.7723
54.6667
52.5591
50.45
48.3396
46.2286
44.1176
42.0075
39.8992
37.7941
35.6937
33.6
31.5154
29.4426
27.3852
25.3472
23.3333
21.3492
19.401
17.4959
15.6416
13.8462
12.1176
10.4637
8.89051
7.4023
6
4.6805
3.4359
2.25328
1.11504
-1.02552e-08
-1.11504
-2.25328
-3.4359
-4.6805
-6
-7.4023
-8.89051
-10.4637
-12.1176
-13.8462
-15.6416
-17.4959
-19.401
-21.3492
-23.3333
-25.3472
-27.3852
-29.4426
-31.5154
-33.6
-35.6937
-37.7941
-39.8992
-42.0075
-44.1176
-46.2286
-48.3396
-50.45
-52.5591
-54.6667
-56.7723
-58.8759
-60.9772
-63.076
-65.1724
-67.2663
-69.3576
-71.4464
-73.5326
-75.6164
-77.6978
-79.7768
-81.8534
-83.9278
-86
-88.0701
-90.138
-92.204
-94.2681

96.2908
94.2264
92.16
90.0915
88.0208
85.9478
83.8724
81.7946
79.7143
77.6313
75.5457
73.4572
71.3659
69.2716
67.1743
65.0739
62.9704
60.8638
58.7541
56.6413
54.5255
52.4069
50.2857
48.1622
46.0367
43.9099
41.7824
39.6552
37.5294
35.4066
33.2886
31.1777
29.0769
26.9897
24.9204
22.8741
20.8571
18.8767
16.9412
15.0599
13.2432
11.5018
9.84615
8.28571
6.82759
5.47511
4.22642
3.07317
2
0.984772
-8.43854e-09
-0.984772
-2
-3.07317
-4.22642
-5.47511
-6.82759
-8.28571
-9.84615
-11.5018
-13.2432
-15.0599
-16.9412
-18.8767
-20.8571
-22.8741
-24.9204
-26.9897
-29.0769
-31.1777
-33.2886
-35.4066
-37.5294
-39.6552
-41.7824
-43.9099
-46.0367
-48.1622
-50.2857
-52.4069
-54.5255
-56.6413
-58.7541
-60.8638
-62.9704
-65.0739
-67.1743
-69.2716
-71.3659
-73.4572
-75.5457
-77.6313
-79.7143
-81.7946
-83.8724
-85.9478
-88.0208
-90.0915
-92.16
-94.2264

96.2533
94.1868
92.1181
90.0471
87.9737
85.8979
83.8195
81.7384
79.6544
77.5676
75.4777
73.3846
71.2883
69.1886
67.0853
64.9785
62.8679
60.7536
58.6354
56.5133
54.3873
52.2574
50.1238
47.9866
45.8462
43.7028
41.557
39.4097
37.2619
35.1148
32.9701
30.8302
28.6978
26.5764
24.4706
22.3858
20.3288
18.3077
16.3323
14.4138
12.5651
10.8
9.13305
7.57798
6.14634
4.84536
3.67568
2.62921
1.68786
0.823529
-6.53176e-09
-0.823529
-1.68786
-2.62921
-3.67568
-4.84536
-6.14634
-7.57798
-9.13305
-10.8
-12.5651
-14.4138
-16.3323
-18.3077
-20.3288
-22.3858
-24.4706
-26.5764
-28.6978
-30.8302
-32.9701
-35.1148
-37.2619
-39.4097
-41.557
-43.7028
-45.8462
-47.9866
-50.1238
-52.2574
-54.3873
-56.5133
-58.6354
-60.7536
-62.8679
-64.9785
-67.0853
-69.1886
-71.2883
-73.3846
-75.4777
-77.5676
-79.6544
-81.7384
-83.8195
-85.8979
-87.9737
-90.0471
-92.1181
-94.1868

96.2179
94.1493
92.0784
90.0051
87.9292
85.8506
83.7692
81.6849
79.5975
77.5068
75.4128
73.3153
71.2141
69.1091
67
64.8868
62.7692
60.6472
58.5205
56.3891
54.2529
52.1117
49.9655
47.8144
45.6585
43.498
41.3333
39.1649
36.9936
34.8205
32.6471
30.4752
28.3077
26.1478
24
21.8699
19.7647
17.6933
15.6667
13.6981
11.8033
10
8.30769
6.74611
5.33333
4.08284
3
2.07843
1.2973
0.62069
-4.51228e-09
-0.62069
-1.2973
-2.07843
-3
-4.08284
-5.33333
-6.74611
-8.30769
-10
-11.8033
-13.6981
-15.6667
-17.6933
-19.7647
-21.8699
-24
-26.1478
-28.3077
-30.4752
-32.6471
-34.8205
-36.9936
-39.1649
-41.3333
-43.498
-45.6585
-47.8144
-49.9655
-52.1117
-54.2529
-56.3891
-58.5205
-60.6472
-62.7692
-64.8868
-67
-69.1091
-71.2141
-73.3153
-75.4128
-77.5068
-79.5975
-81.6849
-83.7692
-85.8506
-87.9292
-90.0051
-92.0784
-94.1493

96.1847
94.1142
92.0412
89.9657
87.8873
85.8062
83.7219
81.6345
79.5438
77.4495
75.3515
73.2497
71.1438
69.0336
66.9188
64.7994
62.675
60.5455
58.4105
56.2699
54.1234
51.9709
49.8122
47.6471
45.4755
43.2976
41.1133
38.9231
36.7273
34.5267
32.3225
30.1162
27.9101
25.7073
23.5119
21.3295
19.1672
17.0345
14.9434
12.9091
10.9502
9.08911
7.35135
5.76471
4.35669
3.15068
2.16058
1.38462
0.8
0.360656
-2.34937e-09
-0.360656
-0.8
-1.38462
-2.16058
-3.15068
-4.35669
-5.76471
-7.35135
-9.08911
-10.9502
-12.9091
-14.9434
-17.0345
-19.1672
-21.3295
-23.5119
-25.7073
-27.9101
-30.1162
-32.3225
-34.5267
-36.7273
-38.9231
-41.1133
-43.2976
-45.4755
-47.6471
-49.8122
-51.9709
-54.1234
-56.2699
-58.4105
-60.5455
-62.675
-64.7994
-66.9188
-69.0336
-71.1438
-73.2497
-75.3515
-77.4495
-79.5438
-81.6345
-83.7219
-85.8062
-87.8873
-89.9657
-92.0412
-94.1142

96.1538
94.0816
92.0067
89.929
87.8484
85.7647
83.6778
81.5875
79.4936
77.3958
75.2941
73.1882
71.0777
68.9626
66.8424
64.717
62.586
60.4491
58.306
56.1565
54
51.8363
49.6652
47.4861
45.299
43.1034
40.8994
38.6868
36.4658
34.2366
32
29.757
27.5094
25.2596
23.0112
20.7692
18.5405
16.3346
14.1639
12.0452
10
8.05525
6.2439
4.60403
3.17647
2
1.10345
0.495413
0.153846
0.019802
0
-0.019802
-0.153846
-0.495413
-1.10345
-2
-3.17647
-4.60403
-6.2439
-8.05525
-10
-12.0452
-14.1639
-16.3346
-18.5405
-20.7692
-23.0112
-25.2596
-27.5094
-29.757
-32
-34.2366
-36.4658
-38.6868
-40.8994
-43.1034
-45.299
-47.4861
-49.6652
-51.8363
-54
-56.1565
-58.306
-60.4491
-62.586
-64.717
-66.8424
-68.9626
-71.0777
-73.1882
-75.2941
-77.3958
-79.4936
-81.5875
-83.6778
-85.7647
-87.8484
-89.929
-92.0067
-94.0816

96.1255
94.0516
91.9748
89.8952
87.8125
85.7265
83.6371
81.544
79.4472
77.3462
75.2409
73.1311
71.0164
68.8966
66.7712
64.6401
62.5028
60.359
58.2081
56.0499
53.8838
51.7093
49.526
47.3333
45.1308
42.9178
40.6941
38.459
36.2124
33.954
31.684
29.4027
27.1111
24.8108
22.5045
20.1961
17.8917
15.6
13.3333
11.1089
8.95028
6.88889
4.96552
3.23077
1.74359
0.566038
0
0
0
0
0
0
0
0
0
-0.566038
-1.74359
-3.23077
-4.96552
-6.88889
-8.95028
-11.1089
-13.3333
-15.6
-17.8917
-20.1961
-22.5045
-24.8108
-27.1111
-29.4027
-31.684
-33.954
-36.2124
-38.459
-40.6941
-42.9178
-45.1308
-47.3333
-49.526
-51.7093
-53.8838
-56.0499
-58.2081
-60.359
-62.5028
-64.6401
-66.7712
-68.8966
-71.0164
-73.1311
-75.2409
-77.3462
-79.4472
-81.544
-83.6371
-85.7265
-87.8125
-89.8952
-91.9748
-94.0516

96.0998
94.0243
91.9459
89.8645
87.7798
85.6917
83.6
81.5044
79.4048
77.3009
75.1923
73.0789
70.9602
68.836
66.7059
64.5694
62.4262
60.2758
58.1176
55.9512
53.7759
51.5912
49.3962
47.1904
44.973
42.7431
40.5
38.2428
35.9708
33.6832
31.3793
29.0588
26.7216
24.3683
22
19.6194
17.2308
14.8412
12.4615
10.1081
7.80488
5.58621
3.5
1.61062
0
0
0
0
0
0
0
0
0
0
0
0
0
-1.61062
-3.5
-5.58621
-7.80488
-10.1081
-12.4615
-14.8412
-17.2308
-19.6194
-22
-24.3683
-26.7216
-29.0588
-31.3793
-33.6832
-35.9708
-38.2428
-40.5
-42.7431
-44.973
-47.1904
-49.3962
-51.5912
-53.7759
-55.9512
-58.1176
-60.2758
-62.4262
-64.5694
-66.7059
-68.836
-70.9602
-73.0789
-75.1923
-77.3009
-79.4048
-81.5044
-83.6
-85.6917
-87.7798
-89.8645
-91.9459
-94.0243

96.0769
94
91.9201
89.837
87.7506
85.6606
83.5668
81.4689
79.3668
77.2601
75.1486
73.0318
70.9096
68.7814
66.6468
64.5055
62.3568
60.2004
58.0354
55.8614
53.6776
51.4831
49.2773
47.0591
44.8276
42.5816
40.32
38.0415
35.7448
33.4286
31.0913
28.7317
26.3485
23.9408
21.5082
19.0511
16.5714
14.0734
11.5648
9.05882
6.57718
4.15385
1.84071
0
0
0
0
0
0
0
0
0
0
0
0
0
0
0
-1.84071
-4.15385
-6.57718
-9.05882
-11.5648
-14.0734
-16.5714
-19.0511
-21.5082
-23.9408
-26.3485
-28.7317
-31.0913
-33.4286
-35.7448
-38.0415
-40.32
-42.5816
-44.8276
-47.0591
-49.2773
-51.4831
-53.6776
-55.8614
-58.0354
-60.2004
-62.3568
-64.5055
-66.6468
-68.7814
-70.9096
-73.0318
-75.1486
-77.2601
-79.3668
-81.4689
-83.5668
-85.6606
-87.7506
-89.837
-91.9201
-94

96.0568
93.9787
91.8974
89.8129
87.7249
85.6332
83.5375
81.4377
79.3333
77.2242
75.11
72.9904
70.8649
68.7331
66.5946
64.4489
62.2953
60.1333
57.9623
55.7813
53.5897
51.3865
49.1707
46.9412
44.6966
42.4357
40.1569
37.8584
35.5385
33.195
30.8257
28.4282
26
23.5385
21.0411
18.5057
15.931
13.3171
10.6667
7.98726
5.29412
2.61538
0
0
0
0
0
0
0
0
0
0
0
0
0
0
0
0
0
-2.61538
-5.29412
-7.98726
-10.6667
-13.3171
-15.931
-18.5057
-21.0411
-23.5385
-26
-28.4282
-30.8257
-33.195
-35.5385
-37.8584
-40.1569
-42.4357
-44.6966
-46.9412
-49.1707
-51.3865
-53.5897
-55.7813
-57.9623
-60.1333
-62.2953
-64.4489
-66.5946
-68.7331
-70.8649
-72.9904
-75.11
-77.2242
-79.3333
-81.4377
-83.5375
-85.6332
-87.7249
-89.8129
-91.8974
-93.9787

96.0396
93.9604
91.8781
89.7923
87.7029
85.6098
83.5125
81.4109
79.3046
77.1934
75.0769
72.9547
70.8264
68.6915
66.5496
64.4
62.2422
60.0754
57.899
55.712
53.5135
51.3025
49.0779
46.8382
44.582
42.3077
40.0133
37.6968
35.3556
32.9871
30.5882
28.1554
25.6848
23.172
20.6121
18
15.3303
12.5979
9.79882
6.93151
4
1.01887
0
0
0
0
0
0
0
0
0
0
0
0
0
0
0
0
0
-1.01887
-4
-6.93151
-9.79882
-12.5979
-15.3303
-18
-20.6121
-23.172
-25.6848
-28.1554
-30.5882
-32.9871
-35.3556
-37.6968
-40.0133
-42.3077
-44.582
-46.8382
-49.0779
-51.3025
-53.5135
-55.712
-57.899
-60.0754
-62.2422
-64.4
-66.5496
-68.6915
-70.8264
-72.9547
-75.0769
-77.1934
-79.3046
-81.4109
-83.5125
-85.6098
-87.7029
-89.7923
-91.8781
-93.9604

96.0254
93.9454
91.8621
89.7753
87.6848
85.5904
83.4918
81.3887
79.2809
77.1679
75.0495
72.9252
70.7945
68.657
66.5122
64.3594
62.198
60.0271
57.8462
55.654
53.4498
51.2322
49
46.7517
44.4855
42.1997
39.8919
37.5596
35.2
32.8096
30.3846
27.9204
25.4118
22.8525
20.2353
17.5519
14.7925
11.9459
9
5.94161
2.75862
0
0
0
0
0
0
0
0
0
0
0
0
0
0
0
0
0
0
0
-2.75862
-5.94161
-9
-11.9459
-14.7925
-17.5519
-20.2353
-22.8525
-25.4118
-27.9204
-30.3846
-32.8096
-35.2
-37.5596
-39.8919
-42.1997
-44.4855
-46.7517
-49
-51.2322
-53.4498
-55.654
-57.8462
-60.0271
-62.198
-64.3594
-66.5122
-68.657
-70.7945
-72.9252
-75.0495
-77.1679
-79.2809
-81.3887
-83.4918
-85.5904
-87.6848
-89.7753
-91.8621
-93.9454

96.0143
93.9336
91.8495
89.7619
87.6706
85.5752
83.4756
81.3714
79.2623
77.1479
75.028
72.902
70.7694
68.6299
66.4828
64.3274
62.1631
59.9891
57.8045
55.6082
53.3993
51.1765
48.9382
46.6829
44.4088
42.1136
39.7949
37.4498
35.0751
32.6667
30.22
27.7297
25.1892
22.5906
19.9245
17.1795
14.3415
11.3933
8.31373
5.07692
1.65138
0
0
0
0
0
0
0
0
0
0
0
0
0
0
0
0
0
0
0
-1.65138
-5.07692
-8.31373
-11.3933
-14.3415
-17.1795
-19.9245
-22.5906
-25.1892
-27.7297
-30.22
-32.6667
-35.0751
-37.4498
-39.7949
-42.1136
-44.4088
-46.6829
-48.9382
-51.1765
-53.3993
-55.6082
-57.8045
-59.9891
-62.1631
-64.3274
-66.4828
-68.6299
-70.7694
-72.902
-75.028
-77.1479
-79.2623
-81.3714
-83.4756
-85.5752
-87.6706
-89.7619
-91.8495
-93.9336

96.0064
93.9252
91.8406
89.7524
87.6604
85.5643
83.4639
81.3589
79.2489
77.1335
75.0125
72.8852
70.7514
68.6103
66.4615
64.3043
62.1379
59.9616
57.7743
55.5751
53.3628
51.1361
48.8934
46.633
44.3529
42.0509
39.7241
37.3696
34.9836
32.5618
30.099
27.589
25.0244
22.3959
19.6923
16.8996
14
10.9711
7.78378
4.4
0.769231
0
0
0
0
0
0
0
0
0
0
0
0
0
0
0
0
0
0
0
-0.769231
-4.4
-7.78378
-10.9711
-14
-16.8996
-19.6923
-22.3959
-25.0244
-27.589
-30.099
-32.5618
-34.9836
-37.3696
-39.7241
-42.0509
-44.3529
-46.633
-48.8934
-51.1361
-53.3628
-55.5751
-57.7743
-59.9616
-62.1379
-64.3043
-66.4615
-68.6103
-70.7514
-72.8852
-75.0125
-77.1335
-79.2489
-81.3589
-83.4639
-85.5643
-87.6604
-89.7524
-91.8406
-93.9252

96.0016
93.9201
91.8351
89.7466
87.6542
85.5577
83.4569
81.3514
79.2408
77.1249
75.0031
72.8752
70.7405
68.5985
66.4487
64.2904
62.1227
59.945
57.7561
55.5551
53.3407
51.1116
48.8662
46.6027
44.3191
42.0128
39.6811
37.3208
34.9278
32.4977
30.0249
27.5028
24.9231
22.2759
19.5486
16.7257
13.7868
10.7059
7.44828
3.96721
0.19802
0
0
0
0
0
0
0
0
0
0
0
0
0
0
0
0
0
0
0
-0.19802
-3.96721
-7.44828
-10.7059
-13.7868
-16.7257
-19.5486
-22.2759
-24.9231
-27.5028
-30.0249
-32.4977
-34.9278
-37.3208
-39.6811
-42.0128
-44.3191
-46.6027
-48.8662
-51.1116
-53.3407
-55.5551
-57.7561
-59.945
-62.1227
-64.2904
-66.4487
-68.5985
-70.7405
-72.8752
-75.0031
-77.1249
-79.2408
-81.3514
-83.4569
-85.5577
-87.6542
-89.7466
-91.8351
-93.9201

96
93.9184
91.8333
89.7447
87.6522
85.5556
83.4545
81.3488
79.2381
77.122
75
72.8718
70.7368
68.5946
66.4444
64.2857
62.1176
59.9394
57.75
55.5484
53.3333
51.1034
48.8571
46.5926
44.3077
42
39.6667
37.3043
34.9091
32.4762
30
27.4737
24.8889
22.2353
19.5
16.6667
13.7143
10.6154
7.33333
3.81818
0
0
0
0
0
0
0
0
0
0
0
0
0
0
0
0
0
0
0
0
0
-3.81818
-7.33333
-10.6154
-13.7143
-16.6667
-19.5
-22.2353
-24.8889
-27.4737
-30
-32.4762
-34.9091
-37.3043
-39.6667
-42
-44.3077
-46.5926
-48.8571
-51.1034
-53.3333
-55.5484
-57.75
-59.9394
-62.1176
-64.2857
-66.4444
-68.5946
-70.7368
-72.8718
-75
-77.122
-79.2381
-81.3488
-83.4545
-85.5556
-87.6522
-89.7447
-91.8333
-93.9184

96.0016
93.9201
91.8351
89.7466
87.6542
85.5577
83.4569
81.3514
79.2408
77.1249
75.0031
72.8752
70.7405
68.5985
66.4487
64.2904
62.1227
59.945
57.7561
55.5551
53.3407
51.1116
48.8662
46.6027
44.3191
42.0128
39.6811
37.3208
34.9278
32.4977
30.0249
27.5028
24.9231
22.2759
19.5486
16.7257
13.7868
10.7059
7.44828
3.96721
0.19802
0
0
0
0
0
0
0
0
0
0
0
0
0
0
0
0
0
0
0
-0.19802
-3.96721
-7.44828
-10.7059
-13.7868
-16.7257
-19.5486
-22.2759
-24.9231
-27.5028
-30.0249
-32.4977
-34.9278
-37.3208
-39.6811
-42.0128
-44.3191
-46.6027
-48.8662
-51.1116
-53.3407
-55.5551
-57.7561
-59.945
-62.1227
-64.2904
-66.4487
-68.5985
-70.7405
-72.8752
-75.0031
-77.1249
-79.2408
-81.3514
-83.4569
-85.5577
-87.6542
-89.7466
-91.8351
-93.9201

96.0064
93.9252
91.8406
89.7524
87.6604
85.5643
83.4639
81.3589
79.2489
77.1335
75.0125
72.8852
70.7514
68.6103
66.4615
64.3043
62.1379
59.9616
57.7743
55.5751
53.3628
51.1361
48.8934
46.633
44.3529
42.0509
39.7241
37.3696
34.9836
32.5618
30.099
27.589
25.0244
22.3959
19.6923
16.8996
14
10.9711
7.78378
4.4
0.769231
0
0
0
0
0
0
0
0
0
0
0
0
0
0
0
0
0
0
0
-0.769231
-4.4
-7.78378
-10.9711
-14
-16.8996
-19.6923
-22.3959
-25.0244
-27.589
-30.099
-32.5618
-34.9836
-37.3696
-39.7241
-42.0509
-44.3529
-46.633
-48.8934
-51.1361
-53.3628
-55.5751
-57.7743
-59.9616
-62.1379
-64.3043
-66.4615
-68.6103
-70.7514
-72.8852
-75.0125
-77.1335
-79.2489
-81.3589
-83.4639
-85.5643
-87.6604
-89.7524
-91.8406
-93.9252

96.0143
93.9336
91.8495
89.7619
87.6706
85.5752
83.4756
81.3714
79.2623
77.1479
75.028
72.902
70.7694
68.6299
66.4828
64.3274
62.1631
59.9891
57.8045
55.6082
53.3993
51.1765
48.9382
46.6829
44.4088
42.1136
39.7949
37.4498
35.0751
32.6667
30.22
27.7297
25.1892
22.5906
19.9245
17.1795
14.3415
11.3933
8.31373
5.07692
1.65138
0
0
0
0
0
0
0
0
0
0
0
0
0
0
0
0
0
0
0
-1.65138
-5.07692
-8.31373
-11.3933
-14.3415
-17.1795
-19.9245
-22.5906
-25.1892
-27.7297
-30.22
-32.6667
-35.0751
-37.4498
-39.7949
-42.1136
-44.4088
-46.6829
-48.9382
-51.1765
-53.3993
-55.6082
-57.8045
-59.9891
-62.1631
-64.3274
-66.4828
-68.6299
-70.7694
-72.902
-75.028
-77.1479
-79.2623
-81.3714
-83.4756
-85.5752
-87.6706
-89.7619
-91.8495
-93.9336

96.0254
93.9454
91.8621
89.7753
87.6848
85.5904
83.4918
81.3887
79.2809
77.1679
75.0495
72.9252
70.7945
68.657
66.5122
64.3594
62.198
60.0271
57.8462
55.654
53.4498
51.2322
49
46.7517
44.4855
42.1997
39.8919
37.5596
35.2
32.8096
30.3846
27.9204
25.4118
22.8525
20.2353
17.5519
14.7925
11.9459
9
5.94161
2.75862
0
0
0
0
0
0
0
0
0
0
0
0
0
0
0
0
0
0
0
-2.75862
-5.94161
-9
-11.9459
-14.7925
-17.5519
-20.2353
-22.8525
-25.4118
-27.9204
-30.3846
-32.8096
-35.2
-37.5596
-39.8919
-42.1997
-44.4855
-46.7517
-49
-51.2322
-53.4498
-55.654
-57.8462
-60.0271
-62.198
-64.3594
-66.5122
-68.657
-70.7945
-72.9252
-75.0495
-77.1679
-79.2809
-81.3887
-83.4918
-85.5904
-87.6848
-89.7753
-91.8621
-93.9454

96.0396
93.9604
91.8781
89.7923
87.7029
85.6098
83.5125
81.4109
79.3046
77.1934
75.0769
72.9547
70.8264
68.6915
66.5496
64.4
62.2422
60.0754
57.899
55.712
53.5135
51.3025
49.0779
46.8382
44.582
42.3077
40.0133
37.6968
35.3556
32.9871
30.5882
28.1554
25.6848
23.172
20.6121
18
15.3303
12.5979
9.79882
6.93151
4
1.01887
0
0
0
0
0
0
0
0
0
0
0
0
0
0
0
0
0
-1.01887
-4
-6.93151
-9.79882
-12.5979
-15.3303
-18
-20.6121
-23.172
-25.6848
-28.1554
-30.5882
-32.9871
-35.3556
-37.6968
-40.0133
-42.3077
-44.582
-46.8382
-49.0779
-51.3025
-53.5135
-55.712
-57.899
-60.0754
-62.2422
-64.4
-66.5496
-68.6915
-70.8264
-72.9547
-75.0769
-77.1934
-79.3046
-81.4109
-83.5125
-85.6098
-87.7029
-89.7923
-91.8781
-93.9604

96.0568
93.9787
91.8974
89.8129
87.7249
85.6332
83.5375
81.4377
79.3333
77.2242
75.11
72.9904
70.8649
68.7331
66.5946
64.4489
62.2953
60.1333
57.9623
55.7813
53.5897
51.3865
49.1707
46.9412
44.6966
42.4357
40.1569
37.8584
35.5385
33.195
30.8257
28.4282
26
23.5385
21.0411
18.5057
15.931
13.3171
10.6667
7.98726
5.29412
2.61538
0
0
0
0
0
0
0
0
0
0
0
0
0
0
0
0
0
-2.61538
-5.29412
-7.98726
-10.6667
-13.3171
-15.931
-18.5057
-21.0411
-23.5385
-26
-28.4282
-30.8257
-33.195
-35.5385
-37.8584
-40.1569
-42.4357
-44.6966
-46.9412
-49.1707
-51.3865
-53.5897
-55.7813
-57.9623
-60.1333
-62.2953
-64.4489
-66.5946
-68.7331
-70.8649
-72.9904
-75.11
-77.2242
-79.3333
-81.4377
-83.5375
-85.6332
-87.7249
-89.8129
-91.8974
-93.9787

96.0769
94
91.9201
89.837
87.7506
85.6606
83.5668
81.4689
79.3668
77.2601
75.1486
73.0318
70.9096
68.7814
66.6468
64.5055
62.3568
60.2004
58.0354
55.8614
53.6776
51.4831
49.2773
47.0591
44.8276
42.5816
40.32
38.0415
35.7448
33.4286
31.0913
28.7317
26.3485
23.9408
21.5082
19.0511
16.5714
14.0734
11.5648
9.05882
6.57718
4.15385
1.84071
0
0
0
0
0
0
0
0
0
0
0
0
0
0
0
-1.84071
-4.15385
-6.57718
-9.05882
-11.5648
-14.0734
-16.5714
-19.0511
-21.5082
-23.9408
-26.3485
-28.7317
-31.0913
-33.4286
-35.7448
-38.0415
-40.32
-42.5816
-44.8276
-47.0591
-49.2773
-51.4831
-53.6776
-55.8614
-58.0354
-60.2004
-62.3568
-64.5055
-66.6468
-68.7814
-70.9096
-73.0318
-75.1486
-77.2601
-79.3668
-81.4689
-83.5668
-85.6606
-87.7506
-89.837
-91.9201
-94

96.0998
94.0243
91.9459
89.8645
87.7798
85.6917
83.6
81.5044
79.4048
77.3009
75.1923
73.0789
70.9602
68.836
66.7059
64.5694
62.4262
60.2758
58.1176
55.9512
53.7759
51.5912
49.3962
47.1904
44.973
42.7431
40.5
38.2428
35.9708
33.6832
31.3793
29.0588
26.7216
24.3683
22
19.6194
17.2308
14.8412
12.4615
10.1081
7.80488
5.58621
3.5
1.61062
0
0
0
0
0
0
0
0
0
0
0
0
0
-1.61062
-3.5
-5.58621
-7.80488
-10.1081
-12.4615
-14.8412
-17.2308
-19.6194
-22
-24.3683
-26.7216
-29.0588
-31.3793
-33.6832
-35.9708
-38.2428
-40.5
-42.7431
-44.973
-47.1904
-49.3962
-51.5912
-53.7759
-55.9512
-58.1176
-60.2758
-62.4262
-64.5694
-66.7059
-68.836
-70.9602
-73.0789
-75.1923
-77.3009
-79.4048
-81.5044
-83.6
-85.6917
-87.7798
-89.8645
-91.9459
-94.0243

96.1255
94.0516
91.9748
89.8952
87.8125
85.7265
83.6371
81.544
79.4472
77.3462
75.2409
73.1311
71.0164
68.8966
66.7712
64.6401
62.5028
60.359
58.2081
56.0499
53.8838
51.7093
49.526
47.3333
45.1308
42.9178
40.6941
38.459
36.2124
33.954
31.684
29.4027
27.1111
24.8108
22.5045
20.1961
17.8917
15.6
13.3333
11.1089
8.95028
6.88889
4.96552
3.23077
1.74359
0.566038
0
0
0
0
0
0
0
0
0
-0.566038
-1.74359
-3.23077
-4.96552
-6.88889
-8.95028
-11.1089
-13.3333
-15.6
-17.8917
-20.1961
-22.5045
-24.8108
-27.1111
-29.4027
-31.684
-33.954
-36.2124
-38.459
-40.6941
-42.9178
-45.1308
-47.3333
-49.526
-51.7093
-53.8838
-56.0499
-58.2081
-60.359
-62.5028
-64.6401
-66.7712
-68.8966
-71.0164
-73.1311
-75.2409
-77.3462
-79.4472
-81.544
-83.6371
-85.7265
-87.8125
-89.8952
-91.9748
-94.0516

96.1538
94.0816
92.0067
89.929
87.8484
85.7647
83.6778
81.5875
79.4936
77.3958
75.2941
73.1882
71.0777
68.9626
66.8424
64.717
62.586
60.4491
58.306
56.1565
54
51.8363
49.6652
47.4861
45.299
43.1034
40.8994
38.6868
36.4658
34.2366
32
29.757
27.5094
25.2596
23.0112
20.7692
18.5405
16.3346
14.1639
12.0452
10
8.05525
6.2439
4.60403
3.17647
2
1.10345
0.495413
0.153846
0.019802
0
-0.019802
-0.153846
-0.495413
-1.10345
-2
-3.17647
-4.60403
-6.2439
-8.05525
-10
-12.0452
-14.1639
-16.3346
-18.5405
-20.7692
-23.0112
-25.2596
-27.5094
-29.757
-32
-34.2366
-36.4658
-38.6868
-40.8994
-43.1034
-45.299
-47.4861
-49.6652
-51.8363
-54
-56.1565
-58.306
-60.4491
-62.586
-64.717
-66.8424
-68.9626
-71.0777
-73.1882
-75.2941
-77.3958
-79.4936
-81.5875
-83.6778
-85.7647
-87.8484
-89.929
-92.0067
-94.0816

96.1847
94.1142
92.0412
89.9657
87.8873
85.8062
83.7219
81.6345
79.5438
77.4495
75.3515
73.2497
71.1438
69.0336
66.9188
64.7994
62.675
60.5455
58.4105
56.2699
54.1234
51.9709
49.8122
47.6471
45.4755
43.2976
41.1133
38.9231
36.7273
34.5267
32.3225
30.1162
27.9101
25.7073
23.5119
21.3295
19.1672
17.0345
14.9434
12.9091
10.9502
9.08911
7.35135
5.76471
4.35669
3.15068
2.16058
1.38462
0.8
0.360656
7.83122e-10
-0.360656
-0.8
-1.38462
-2.16058
-3.15068
-4.35669
-5.76471
-7.35135
-9.08911
-10.9502
-12.9091
-14.9434
-17.0345
-19.1672
-21.3295
-23.5119
-25.7073
-27.9101
-30.1162
-32.3225
-34.5267
-36.7273
-38.9231
-41.1133
-43.2976
-45.4755
-47.6471
-49.8122
-51.9709
-54.1234
-56.2699
-58.4105
-60.5455
-62.675
-64.7994
-66.9188
-69.0336
-71.1438
-73.2497
-75.3515
-77.4495
-79.5438
-81.6345
-83.7219
-85.8062
-87.8873
-89.9657
-92.0412
-94.1142

96.2179
94.1493
92.0784
90.0051
87.9292
85.8506
83.7692
81.6849
79.5975
77.5068
75.4128
73.3153
71.2141
69.1091
67
64.8868
62.7692
60.6472
58.5205
56.3891
54.2529
52.1117
49.9655
47.8144
45.6585
43.498
41.3333
39.1649
36.9936
34.8205
32.6471
30.4752
28.3077
26.1478
24
21.8699
19.7647
17.6933
15.6667
13.6981
11.8033
10
8.30769
6.74611
5.33333
4.08284
3
2.07843
1.2973
0.62069
1.50409e-09
-0.62069
-1.2973
-2.07843
-3
-4.08284
-5.33333
-6.74611
-8.30769
-10
-11.8033
-13.6981
-15.6667
-17.6933
-19.7647
-21.8699
-24
-26.1478
-28.3077
-30.4752
-32.6471
-34.8205
-36.9936
-39.1649
-41.3333
-43.498
-45.6585
-47.8144
-49.9655
-52.1117
-54.2529
-56.3891
-58.5205
-60.6472
-62.7692
-64.8868
-67
-69.1091
-71.2141
-73.3153
-75.4128
-77.5068
-79.5975
-81.6849
-83.7692
-85.8506
-87.9292
-90.0051
-92.0784
-94.1493

96.2533
94.1868
92.1181
90.0471
87.9737
85.8979
83.8195
81.7384
79.6544
77.5676
75.4777
73.3846
71.2883
69.1886
67.0853
64.9785
62.8679
60.7536
58.6354
56.5133
54.3873
52.2574
50.1238
47.9866
45.8462
43.7028
41.557
39.4097
37.2619
35.1148
32.9701
30.8302
28.6978
26.5764
24.4706
22.3858
20.3288
18.3077
16.3323
14.4138
12.5651
10.8
9.13305
7.57798
6.14634
4.84536
3.67568
2.62921
1.68786
0.823529
2.17725e-09
-0.823529
-1.68786
-2.62921
-3.67568
-4.84536
-6.14634
-7.57798
-9.13305
-10.8
-12.5651
-14.4138
-16.3323
-18.3077
-20.3288
-22.3858
-24.4706
-26.5764
-28.6978
-30.8302
-32.9701
-35.1148
-37.2619
-39.4097
-41.557
-43.7028
-45.8462
-47.9866
-50.1238
-52.2574
-54.3873
-56.5133
-58.6354
-60.7536
-62.8679
-64.9785
-67.0853
-69.1886
-71.2883
-73.3846
-75.4777
-77.5676
-79.6544
-81.7384
-83.8195
-85.8979
-87.9737
-90.0471
-92.1181
-94.1868

96.2908
94.2264
92.16
90.0915
88.0208
85.9478
83.8724
81.7946
79.7143
77.6313
75.5457
73.4572
71.3659
69.2716
67.1743
65.0739
62.9704
60.8638
58.7541
56.6413
54.5255
52.4069
50.2857
48.1622
46.0367
43.9099
41.7824
39.6552
37.5294
35.4066
33.2886
31.1777
29.0769
26.9897
24.9204
22.8741
20.8571
18.8767
16.9412
15.0599
13.2432
11.5018
9.84615
8.28571
6.82759
5.47511
4.22642
3.07317
2
0.984772
2.81285e-09
-0.984772
-2
-3.07317
-4.22642
-5.47511
-6.82759
-8.28571
-9.84615
-11.5018
-13.2432
-15.0599
-16.9412
-18.8767
-20.8571
-22.8741
-24.9204
-26.9897
-29.0769
-31.1777
-33.2886
-35.4066
-37.5294
-39.6552
-41.7824
-43.9099
-46.0367
-48.1622
-50.2857
-52.4069
-54.5255
-56.6413
-58.7541
-60.8638
-62.9704
-65.0739
-67.1743
-69.2716
-71.3659
-73.4572
-75.5457
-77.6313
-79.7143
-81.7946
-83.8724
-85.9478
-88.0208
-90.0915
-92.16
-94.2264

96.3303
94.2681
92.204
90.138
88.0701
86
83.9278
81.8534
79.7768
77.6978
75.6164
73.5326
71.4464
69.3576
67.2663
65.1724
63.076
60.9772
58.8759
56.7723
54.6667
52.5591
50.45
48.3396
46.2286
44.1176
42.0075
39.8992
37.7941
35.6937
33.6
31.5154
29.4426
27.3852
25.3472
23.3333
21.3492
19.401
17.4959
15.6416
13.8462
12.1176
10.4637
8.89051
7.4023
6
4.6805
3.4359
2.25328
1.11504
3.41839e-09
-1.11504
-2.25328
-3.4359
-4.6805
-6
-7.4023
-8.89051
-10.4637
-12.1176
-13.8462
-15.6416
-17.4959
-19.401
-21.3492
-23.3333
-25.3472
-27.3852
-29.4426
-31.5154
-33.6
-35.6937
-37.7941
-39.8992
-42.0075
-44.1176
-46.2286
-48.3396
-50.45
-52.5591
-54.6667
-56.7723
-58.8759
-60.9772
-63.076
-65.1724
-67.2663
-69.3576
-71.4464
-73.5326
-75.6164
-77.6978
-79.7768
-81.8534
-83.9278
-86
-88.0701
-90.138
-92.204
-94.2681

96.3716
94.3116
92.25
90.1866
88.1214
86.0544
83.9854
81.9145
79.8416
77.7666
75.6897
73.6106
71.5294
69.4462
67.3608
65.2735
63.1841
61.0929
59
56.9055
54.8097
52.7129
50.6154
48.5178
46.4206
44.3246
42.2308
40.1401
38.0541
35.9742
33.9024
31.8412
29.7931
27.7615
25.75
23.763
21.8053
19.8824
18
16.1645
14.382
12.6588
11
9.40984
7.89041
6.44128
5.05882
3.73585
2.46154
1.22179
3.99952e-09
-1.22179
-2.46154
-3.73585
-5.05882
-6.44128
-7.89041
-9.40984
-11
-12.6588
-14.382
-16.1645
-18
-19.8824
-21.8053
-23.763
-25.75
-27.7615
-29.7931
-31.8412
-33.9024
-35.9742
-38.0541
-40.1401
-42.2308
-44.3246
-46.4206
-48.5178
-50.6154
-52.7129
-54.8097
-56.9055
-59
-61.0929
-63.1841
-65.2735
-67.3608
-69.4462
-71.5294
-73.6106
-75.6897
-77.7666
-79.8416
-81.9145
-83.9854
-86.0544
-88.1214
-90.1866
-92.25
-94.3116

96.4145
94.3569
92.2977
90.237
88.1746
86.1106
84.0449
81.9775
79.9084
77.8376
75.765
73.6906
71.6145
69.5368
67.4574
65.3765
63.2941
61.2104
59.1257
57.04
54.9537
52.8673
50.781
48.6955
46.6114
44.5295
42.4509
40.3765
38.3079
36.2466
34.1945
32.1538
30.1272
28.1176
26.1284
24.1634
22.2268
20.3231
18.4573
16.6341
14.8586
13.1351
11.4674
9.85799
8.30769
6.81529
5.37705
3.98658
2.63481
1.31034
4.56054e-09
-1.31034
-2.63481
-3.98658
-5.37705
-6.81529
-8.30769
-9.85799
-11.4674
-13.1351
-14.8586
-16.6341
-18.4573
-20.3231
-22.2268
-24.1634
-26.1284
-28.1176
-30.1272
-32.1538
-34.1945
-36.2466
-38.3079
-40.3765
-42.4509
-44.5295
-46.6114
-48.6955
-50.781
-52.8673
-54.9537
-57.04
-59.1257
-61.2104
-63.2941
-65.3765
-67.4574
-69.5368
-71.6145
-73.6906
-75.765
-77.8376
-79.9084
-81.9775
-84.0449
-86.1106
-88.1746
-90.237
-92.2977
-94.3569

96.4589
94.4037
92.347
90.289
88.2295
86.1686
84.1062
82.0423
79.977
77.9102
75.842
73.7724
71.7014
69.6291
67.5556
65.481
63.4054
61.3291
59.2522
57.1751
55.098
53.0215
50.9458
48.8718
46.8
44.7313
42.6667
40.6073
38.5545
36.5098
34.4751
32.4526
30.4444
28.4535
26.4828
24.5355
22.6154
20.7262
18.8718
17.0562
15.283
13.5556
11.8763
10.2466
8.66667
7.13467
5.64706
4.1982
2.78049
1.38462
5.1048e-09
-1.38462
-2.78049
-4.1982
-5.64706
-7.13467
-8.66667
-10.2466
-11.8763
-13.5556
-15.283
-17.0562
-18.8718
-20.7262
-22.6154
-24.5355
-26.4828
-28.4535
-30.4444
-32.4526
-34.4751
-36.5098
-38.5545
-40.6073
-42.6667
-44.7313
-46.8
-48.8718
-50.9458
-53.0215
-55.098
-57.1751
-59.2522
-61.3291
-63.4054
-65.481
-67.5556
-69.6291
-71.7014
-73.7724
-75.842
-77.9102
-79.977
-82.0423
-84.1062
-86.1686
-88.2295
-90.289
-92.347
-94.4037

96.5047
94.4518
92.3977
90.3424
88.2858
86.228
84.1689
82.1086
80.0471
77.9843
75.9204
73.8555
71.7895
69.7225
67.6548
65.5864
63.5175
61.4483
59.3791
57.3101
55.2419
53.1747
51.1092
49.0459
46.9855
44.929
42.8773
40.8315
38.7929
36.7631
34.7438
32.7368
30.7445
28.7692
26.8136
24.8805
22.9731
21.0943
19.2475
17.4357
15.6616
13.9276
12.2353
10.5854
8.97733
7.40933
5.87798
4.37838
2.90411
1.44751
5.63495e-09
-1.44751
-2.90411
-4.37838
-5.87798
-7.40933
-8.97733
-10.5854
-12.2353
-13.9276
-15.6616
-17.4357
-19.2475
-21.0943
-22.9731
-24.8805
-26.8136
-28.7692
-30.7445
-32.7368
-34.7438
-36.7631
-38.7929
-40.8315
-42.8773
-44.929
-46.9855
-49.0459
-51.1092
-53.1747
-55.2419
-57.3101
-59.3791
-61.4483
-63.5175
-65.5864
-67.6548
-69.7225
-71.7895
-73.8555
-75.9204
-77.9843
-80.0471
-82.1086
-84.1689
-86.228
-88.2858
-90.3424
-92.3977
-94.4518

96.5517
94.5012
92.4497
90.3971
88.3434
86.2887
84.2329
82.1761
80.1183
78.0596
76
73.9396
71.8785
69.8168
67.7547
65.6923
63.6298
61.5675
59.5056
57.4445
55.3846
53.3263
51.2703
49.217
47.1673
45.122
43.082
41.0484
39.0226
37.0059
35
33.0066
31.0276
29.0653
27.122
25.2
23.302
21.4306
19.5882
17.7774
16
14.2578
12.5517
10.882
9.24771
7.64706
6.07692
4.53301
3.0099
1.50125
6.1531e-09
-1.50125
-3.0099
-4.53301
-6.07692
-7.64706
-9.24771
-10.882
-12.5517
-14.2578
-16
-17.7774
-19.5882
-21.4306
-23.302
-25.2
-27.122
-29.0653
-31.0276
-33.0066
-35
-37.0059
-39.0226
-41.0484
-43.082
-45.122
-47.1673
-49.217
-51.2703
-53.3263
-55.3846
-57.4445
-59.5056
-61.5675
-63.6298
-65.6923
-67.7547
-69.8168
-71.8785
-73.9396
-76
-78.0596
-80.1183
-82.1761
-84.2329
-86.2887
-88.3434
-90.3971
-92.4497
-94.5012

96.5998
94.5517
92.5027
90.4528
88.402
86.3504
84.2979
82.2445
80.1905
78.1357
76.0804
74.0245
71.9682
69.9116
67.8549
65.7983
63.742
61.6863
59.6314
57.5777
55.5257
53.4758
51.4286
49.3846
47.3447
45.3096
43.2802
41.2577
39.2432
37.2381
35.2438
33.2618
31.2941
29.3425
27.4089
25.4955
23.6044
21.7377
19.8974
18.0854
16.3031
14.5517
12.8317
11.1429
9.48428
7.85408
6.24945
4.66667
3.10112
1.54751
6.66098e-09
-1.54751
-3.10112
-4.66667
-6.24945
-7.85408
-9.48428
-11.1429
-12.8317
-14.5517
-16.3031
-18.0854
-19.8974
-21.7377
-23.6044
-25.4955
-27.4089
-29.3425
-31.2941
-33.2618
-35.2438
-37.2381
-39.2432
-41.2577
-43.2802
-45.3096
-47.3447
-49.3846
-51.4286
-53.4758
-55.5257
-57.5777
-59.6314
-61.6863
-63.742
-65.7983
-67.8549
-69.9116
-71.9682
-74.0245
-76.0804
-78.1357
-80.1905
-82.2445
-84.2979
-86.3504
-88.402
-90.4528
-92.5027
-94.5517

96.6488
94.6031
92.5567
90.5095
88.4615
86.4129
84.3636
82.3138
80.2633
78.2125
76.1612
74.1097
72.0581
70.0065
67.9551
65.904
63.8537
61.8042
59.756
57.7093
55.6647
53.6226
51.5836
49.5482
47.5172
45.4914
43.4717
41.459
39.4545
37.4595
35.4751
33.503
31.5446
29.6016
27.6757
25.7687
23.8824
22.0184
20.1783
18.3636
16.5753
14.8142
13.0803
11.3734
9.69231
8.03536
6.4
4.78296
3.18033
1.58763
7.15997e-09
-1.58763
-3.18033
-4.78296
-6.4
-8.03536
-9.69231
-11.3734
-13.0803
-14.8142
-16.5753
-18.3636
-20.1783
-22.0184
-23.8824
-25.7687
-27.6757
-29.6016
-31.5446
-33.503
-35.4751
-37.4595
-39.4545
-41.459
-43.4717
-45.4914
-47.5172
-49.5482
-51.5836
-53.6226
-55.6647
-57.7093
-59.756
-61.8042
-63.8537
-65.904
-67.9551
-70.0065
-72.0581
-74.1097
-76.1612
-78.2125
-80.2633
-82.3138
-84.3636
-86.4129
-88.4615
-90.5095
-92.5567
-94.6031

96.6986
94.6553
92.6114
90.5668
88.5217
86.4761
84.43
82.3835
80.3367
78.2896
76.2424
74.1951
72.148
70.1012
68.0548
66.0091
63.9644
61.9209
59.8789
57.8389
55.8013
53.7664
51.735
49.7075
47.6846
45.6672
43.6561
41.6522
39.6565
37.6701
35.6943
33.7303
31.7796
29.8435
27.9236
26.0212
24.1379
22.2751
20.4339
18.6154
16.8203
15.0492
13.3019
11.5779
9.87611
8.19495
6.53211
4.88476
3.24953
1.62264
7.65125e-09
-1.62264
-3.24953
-4.88476
-6.53211
-8.19495
-9.87611
-11.5779
-13.3019
-15.0492
-16.8203
-18.6154
-20.4339
-22.2751
-24.1379
-26.0212
-27.9236
-29.8435
-31.7796
-33.7303
-35.6943
-37.6701
-39.6565
-41.6522
-43.6561
-45.6672
-47.6846
-49.7075
-51.735
-53.7664
-55.8013
-57.8389
-59.8789
-61.9209
-63.9644
-66.0091
-68.0548
-70.1012
-72.148
-74.1951
-76.2424
-78.2896
-80.3367
-82.3835
-84.43
-86.4761
-88.5217
-90.5668
-92.6114
-94.6553

96.749
94.7081
92.6667
90.6248
88.5825
86.5398
84.4968
82.4536
80.4103
78.3669
76.3235
74.2804
72.2376
70.1954
68.1538
66.1133
64.0739
62.036
60
57.9662
55.935
53.9068
51.8824
49.8621
47.8466
45.8368
43.8333
41.8371
39.8491
37.8702
35.9016
33.9445
32
30.0694
28.1538
26.2547
24.3731
22.5101
20.6667
18.8436
17.0414
15.2603
13.5
11.76
10.0392
8.33611
6.64865
4.97436
3.31034
1.65338
8.13577e-09
-1.65338
-3.31034
-4.97436
-6.64865
-8.33611
-10.0392
-11.76
-13.5
-15.2603
-17.0414
-18.8436
-20.6667
-22.5101
-24.3731
-26.2547
-28.1538
-30.0694
-32
-33.9445
-35.9016
-37.8702
-39.8491
-41.8371
-43.8333
-45.8368
-47.8466
-49.8621
-51.8824
-53.9068
-55.935
-57.9662
-60
-62.036
-64.0739
-66.1133
-68.1538
-70.1954
-72.2376
-74.2804
-76.3235
-78.3669
-80.4103
-82.4536
-84.4968
-86.5398
-88.5825
-90.6248
-92.6667
-94.7081

96.8
94.7614
92.7224
90.6831
88.6436
86.6038
84.5638
82.5238
80.4839
78.4441
76.4045
74.3653
72.3267
70.2889
68.252
66.2162
64.1819
62.1494
60.1189
58.0908
56.0656
54.0437
52.0256
50.0118
48.0031
46
44.0033
42.0139
40.0325
38.06
36.0976
34.146
32.2065
30.2801
28.3678
26.4706
24.5895
22.7254
20.8791
19.0509
17.2414
15.4504
13.6778
11.9228
10.1846
8.46154
6.75195
5.05363
3.36407
1.68051
8.61434e-09
-1.68051
-3.36407
-5.05363
-6.75195
-8.46154
-10.1846
-11.9228
-13.6778
-15.4504
-17.2414
-19.0509
-20.8791
-22.7254
-24.5895
-26.4706
-28.3678
-30.2801
-32.2065
-34.146
-36.0976
-38.06
-40.0325
-42.0139
-44.0033
-46
-48.0031
-50.0118
-52.0256
-54.0437
-56.0656
-58.0908
-60.1189
-62.1494
-64.1819
-66.2162
-68.252
-70.2889
-72.3267
-74.3653
-76.4045
-78.4441
-80.4839
-82.5238
-84.5638
-86.6038
-88.6436
-90.6831
-92.7224
-94.7614

96.8514
94.8151
92.7785
90.7418
88.7049
86.6679
84.6309
82.5941
80.5574
78.521
76.4851
74.4497
72.4151
70.3814
68.3489
66.3177
64.2882
62.2606
60.2353
58.2126
56.1929
54.1767
52.1644
50.1566
48.1538
46.1568
44.1661
42.1826
40.2069
38.2399
36.2825
34.3356
32.4
30.4767
28.5665
26.6704
24.789
22.9231
21.0732
19.2396
17.4227
15.6222
13.8378
12.069
10.3146
8.57347
6.84393
5.12409
3.41176
1.70458
9.08766e-09
-1.70458
-3.41176
-5.12409
-6.84393
-8.57347
-10.3146
-12.069
-13.8378
-15.6222
-17.4227
-19.2396
-21.0732
-22.9231
-24.789
-26.6704
-28.5665
-30.4767
-32.4
-34.3356
-36.2825
-38.2399
-40.2069
-42.1826
-44.1661
-46.1568
-48.1538
-50.1566
-52.1644
-54.1767
-56.1929
-58.2126
-60.2353
-62.2606
-64.2882
-66.3177
-68.3489
-70.3814
-72.4151
-74.4497
-76.4851
-78.521
-80.5574
-82.5941
-84.6309
-86.6679
-88.7049
-90.7418
-92.7785
-94.8151

96.9031
94.869
92.8348
90.8005
88.7663
86.732
84.6979
82.6641
80.6306
78.5975
76.565
74.5333
72.5025
70.4728
68.4444
66.4176
64.3926
62.3696
60.3491
58.3314
56.3168
54.3057
52.2987
50.2963
48.2989
46.3072
44.3218
42.3434
40.3726
38.4103
36.457
34.5138
32.5812
30.6601
28.7513
26.8553
24.973
23.1047
21.2509
19.4118
17.5875
15.7778
13.9823
12.2005
10.4314
8.67374
6.92617
5.18699
3.4543
1.72603
9.5563e-09
-1.72603
-3.4543
-5.18699
-6.92617
-8.67374
-10.4314
-12.2005
-13.9823
-15.7778
-17.5875
-19.4118
-21.2509
-23.1047
-24.973
-26.8553
-28.7513
-30.6601
-32.5812
-34.5138
-36.457
-38.4103
-40.3726
-42.3434
-44.3218
-46.3072
-48.2989
-50.2963
-52.2987
-54.3057
-56.3168
-58.3314
-60.3491
-62.3696
-64.3926
-66.4176
-68.4444
-70.4728
-72.5025
-74.5333
-76.565
-78.5975
-80.6306
-82.6641
-84.6979
-86.732
-88.7663
-90.8005
-92.8348
-94.869

96.9549
94.9231
92.8912
90.8593
88.8276
86.796
84.7647
82.7338
80.7033
78.6734
76.6443
74.6161
72.5889
70.5629
68.5385
66.5157
64.4948
62.4762
60.4602
58.447
56.4371
54.4308
52.4286
50.4309
48.4384
46.4514
44.4706
42.4966
40.53
38.5714
36.6216
34.6812
32.7509
30.8313
28.9231
27.0268
25.1429
23.2718
21.4138
19.5691
17.7376
15.9191
14.1132
12.3193
10.5366
8.76391
7
5.24338
3.49239
1.74522
1.00208e-08
-1.74522
-3.49239
-5.24338
-7
-8.76391
-10.5366
-12.3193
-14.1132
-15.9191
-17.7376
-19.5691
-21.4138
-23.2718
-25.1429
-27.0268
-28.9231
-30.8313
-32.7509
-34.6812
-36.6216
-38.5714
-40.53
-42.4966
-44.4706
-46.4514
-48.4384
-50.4309
-52.4286
-54.4308
-56.4371
-58.447
-60.4602
-62.4762
-64.4948
-66.5157
-68.5385
-70.5629
-72.5889
-74.6161
-76.6443
-78.6734
-80.7033
-82.7338
-84.7647
-86.796
-88.8276
-90.8593
-92.8912
-94.9231

97.0069
94.9772
92.9475
90.918
88.8887
86.8597
84.8311
82.803
80.7754
78.7486
76.7227
74.6977
72.674
70.6516
68.6308
66.6118
64.5949
62.5803
60.5684
58.5594
56.5537
54.5517
52.5538
50.5605
48.5722
46.5894
44.6126
42.6423
40.6792
38.7239
36.7768
34.8386
32.9099
30.9912
29.083
27.1857
25.2999
23.4257
21.5635
19.7131
17.8746
16.0477
14.232
12.427
10.6317
8.84527
7.06651
5.29412
3.52663
1.76247
1.04815e-08
-1.76247
-3.52663
-5.29412
-7.06651
-8.84527
-10.6317
-12.427
-14.232
-16.0477
-17.8746
-19.7131
-21.5635
-23.4257
-25.2999
-27.1857
-29.083
-30.9912
-32.9099
-34.8386
-36.7768
-38.7239
-40.6792
-42.6423
-44.6126
-46.5894
-48.5722
-50.5605
-52.5538
-54.5517
-56.5537
-58.5594
-60.5684
-62.5803
-64.5949
-66.6118
-68.6308
-70.6516
-72.674
-74.6977
-76.7227
-78.7486
-80.7754
-82.803
-84.8311
-86.8597
-88.8887
-90.918
-92.9475
-94.9772

97.0588
95.0312
93.0037
90.9765
88.9496
86.9231
84.897
82.8716
80.8468
78.8229
76.8
74.7782
72.7577
70.7387
68.7213
66.7059
64.6926
62.6817
60.6736
58.6685
56.6667
54.6686
52.6746
50.6851
48.7005
46.7213
44.748
42.781
40.8208
38.868
36.9231
34.9865
33.0588
31.1405
29.2318
27.3333
25.4453
23.5678
21.7011
19.8452
18
16.1651
14.3402
12.5248
10.7179
8.91892
7.12664
5.33993
3.55752
1.77802
1.09388e-08
-1.77802
-3.55752
-5.33993
-7.12664
-8.91892
-10.7179
-12.5248
-14.3402
-16.1651
-18
-19.8452
-21.7011
-23.5678
-25.4453
-27.3333
-29.2318
-31.1405
-33.0588
-34.9865
-36.9231
-38.868
-40.8208
-42.781
-44.748
-46.7213
-48.7005
-50.6851
-52.6746
-54.6686
-56.6667
-58.6685
-60.6736
-62.6817
-64.6926
-66.7059
-68.7213
-70.7387
-72.7577
-74.7782
-76.8
-78.8229
-80.8468
-82.8716
-84.897
-86.9231
-88.9496
-90.9765
-93.0037
-95.0312

97.1107
95.0851
93.0597
91.0347
89.0101
86.9859
84.9624
82.9395
80.9174
78.8963
76.8762
74.8574
72.8399
70.824
68.8099
66.7978
64.7879
62.7805
60.7758
58.7742
56.7759
54.7814
52.7908
50.8047
48.8235
46.8474
44.877
42.9128
40.955
39.0043
37.061
35.1256
33.1984
31.28
29.3706
27.4705
25.5799
23.6991
21.8281
19.9667
18.115
16.2726
14.439
12.6139
10.7964
8.9858
7.18117
5.38144
3.58549
1.7921
1.13932e-08
-1.7921
-3.58549
-5.38144
-7.18117
-8.9858
-10.7964
-12.6139
-14.439
-16.2726
-18.115
-19.9667
-21.8281
-23.6991
-25.5799
-27.4705
-29.3706
-31.28
-33.1984
-35.1256
-37.061
-39.0043
-40.955
-42.9128
-44.877
-46.8474
-48.8235
-50.8047
-52.7908
-54.7814
-56.7759
-58.7742
-60.7758
-62.7805
-64.7879
-66.7978
-68.8099
-70.824
-72.8399
-74.8574
-76.8762
-78.8963
-80.9174
-82.9395
-84.9624
-86.9859
-89.0101
-91.0347
-93.0597
-95.0851

97.1623
95.1387
93.1154
91.0925
89.0701
87.0482
85.027
83.0066
80.9871
78.9686
76.9512
74.9352
72.9206
70.9076
68.8966
66.8875
64.8807
62.8765
60.875
58.8766
56.8815
54.8901
52.9027
50.9196
48.9412
46.9679
45
43.038
41.0822
39.1331
37.191
35.2563
33.3294
31.4105
29.5
27.5981
25.7049
23.8206
21.9452
20.0786
18.2206
16.371
14.5294
12.6952
10.8679
9.04671
7.23077
5.41917
3.61089
1.80488
1.18447e-08
-1.80488
-3.61089
-5.41917
-7.23077
-9.04671
-10.8679
-12.6952
-14.5294
-16.371
-18.2206
-20.0786
-21.9452
-23.8206
-25.7049
-27.5981
-29.5
-31.4105
-33.3294
-35.2563
-37.191
-39.1331
-41.0822
-43.038
-45
-46.9679
-48.9412
-50.9196
-52.9027
-54.8901
-56.8815
-58.8766
-60.875
-62.8765
-64.8807
-66.8875
-68.8966
-70.9076
-72.9206
-74.9352
-76.9512
-78.9686
-80.9871
-83.0066
-85.027
-87.0482
-89.0701
-91.0925
-93.1154
-95.1387

97.2137
95.192
93.1706
91.1498
89.1295
87.1098
85.0909
83.0728
81.0557
79.0397
77.0249
75.0115
72.9996
70.9894
68.9811
66.9749
64.971
62.9697
60.9711
58.9756
56.9834
54.9948
53.0101
51.0297
49.0538
47.0828
45.1171
43.157
41.2028
39.2549
37.3136
35.3793
33.4522
31.5327
29.6208
27.7169
25.821
23.9332
22.0535
20.1818
18.3179
16.4615
14.6123
12.7698
10.9333
9.10233
7.27602
5.45355
3.63403
1.81651
1.22938e-08
-1.81651
-3.63403
-5.45355
-7.27602
-9.10233
-10.9333
-12.7698
-14.6123
-16.4615
-18.3179
-20.1818
-22.0535
-23.9332
-25.821
-27.7169
-29.6208
-31.5327
-33.4522
-35.3793
-37.3136
-39.2549
-41.2028
-43.157
-45.1171
-47.0828
-49.0538
-51.0297
-53.0101
-54.9948
-56.9834
-58.9756
-60.9711
-62.9697
-64.971
-66.9749
-68.9811
-70.9894
-72.9996
-75.0115
-77.0249
-79.0397
-81.0557
-83.0728
-85.0909
-87.1098
-89.1295
-91.1498
-93.1706
-95.192

97.2648
95.2449
93.2254
91.2065
89.1883
87.1707
85.1539
83.1381
81.1233
79.1096
77.0972
75.0863
73.0769
71.0693
69.0636
67.0601
65.0588
63.0601
61.0642
59.0713
57.0817
55.0956
53.1134
51.1353
49.1616
47.1926
45.2286
43.27
41.3171
39.3701
37.4293
35.4951
33.5676
31.6471
29.7337
27.8277
25.929
24.0377
22.1538
20.2772
18.4076
16.5449
14.6885
12.8382
10.9933
9.15326
7.31741
5.48498
3.65517
1.82714
1.27405e-08
-1.82714
-3.65517
-5.48498
-7.31741
-9.15326
-10.9933
-12.8382
-14.6885
-16.5449
-18.4076
-20.2772
-22.1538
-24.0377
-25.929
-27.8277
-29.7337
-31.6471
-33.5676
-35.4951
-37.4293
-39.3701
-41.3171
-43.27
-45.2286
-47.1926
-49.1616
-51.1353
-53.1134
-55.0956
-57.0817
-59.0713
-61.0642
-63.0601
-65.0588
-67.0601
-69.0636
-71.0693
-73.0769
-75.0863
-77.0972
-79.1096
-81.1233
-83.1381
-85.1539
-87.1707
-89.1883
-91.2065
-93.2254
-95.2449

97.3154
95.2973
93.2797
91.2627
89.2463
87.2308
85.2161
83.2023
81.1897
79.1783
77.1681
75.1595
73.1525
71.1473
69.144
67.1429
65.1441
63.1478
61.1543
59.1638
57.1765
55.1926
53.2125
51.2364
49.2646
47.2973
45.3348
43.3774
41.4254
39.479
37.5385
35.604
33.6759
31.7543
29.8393
27.931
26.0296
24.1349
22.2469
20.3655
18.4906
16.6217
14.7587
12.9011
11.0484
9.2
7.35536
5.51378
3.67453
1.83687
1.31852e-08
-1.83687
-3.67453
-5.51378
-7.35536
-9.2
-11.0484
-12.9011
-14.7587
-16.6217
-18.4906
-20.3655
-22.2469
-24.1349
-26.0296
-27.931
-29.8393
-31.7543
-33.6759
-35.604
-37.5385
-39.479
-41.4254
-43.3774
-45.3348
-47.2973
-49.2646
-51.2364
-53.2125
-55.1926
-57.1765
-59.1638
-61.1543
-63.1478
-65.1441
-67.1429
-69.144
-71.1473
-73.1525
-75.1595
-77.1681
-79.1783
-81.1897
-83.2023
-85.2161
-87.2308
-89.2463
-91.2627
-93.2797
-95.2973

97.3656
95.3492
93.3333
91.3181
89.3036
87.29
85.2772
83.2655
81.2549
79.2455
77.2376
75.2311
73.2263
71.2233
69.2222
67.2233
65.2268
63.2327
61.2414
59.253
57.2678
55.2859
53.3077
51.3333
49.3631
47.3972
45.4359
43.4795
41.5281
39.582
37.6415
35.7067
33.7778
31.8549
29.9381
28.0276
26.1233
24.2253
22.3333
20.4474
18.5673
16.6928
14.8235
12.9591
11.0991
9.243
7.39024
5.54023
3.69231
1.8458
1.3628e-08
-1.8458
-3.69231
-5.54023
-7.39024
-9.243
-11.0991
-12.9591
-14.8235
-16.6928
-18.5673
-20.4474
-22.3333
-24.2253
-26.1233
-28.0276
-29.9381
-31.8549
-33.7778
-35.7067
-37.6415
-39.582
-41.5281
-43.4795
-45.4359
-47.3972
-49.3631
-51.3333
-53.3077
-55.2859
-57.2678
-59.253
-61.2414
-63.2327
-65.2268
-67.2233
-69.2222
-71.2233
-73.2263
-75.2311
-77.2376
-79.2455
-81.2549
-83.2655
-85.2772
-87.29
-89.3036
-91.3181
-93.3333
-95.3492

97.4154
95.4005
93.3863
91.3728
89.3601
87.3483
85.3374
83.3275
81.3189
79.3115
77.3055
75.301
73.2983
71.2973
69.2983
67.3015
65.3069
63.3149
61.3255
59.3391
57.3557
55.3756
53.399
51.4261
49.4572
47.4925
45.5321
43.5764
41.6255
39.6796
37.7388
35.8035
33.8736
31.9493
30.0308
28.1179
26.2109
24.3095
22.4137
20.5235
18.6385
16.7586
14.8835
13.0127
11.1459
9.28264
7.42238
5.56459
3.70867
1.85401
1.4069e-08
-1.85401
-3.70867
-5.56459
-7.42238
-9.28264
-11.1459
-13.0127
-14.8835
-16.7586
-18.6385
-20.5235
-22.4137
-24.3095
-26.2109
-28.1179
-30.0308
-31.9493
-33.8736
-35.8035
-37.7388
-39.6796
-41.6255
-43.5764
-45.5321
-47.4925
-49.4572
-51.4261
-53.399
-55.3756
-57.3557
-59.3391
-61.3255
-63.3149
-65.3069
-67.3015
-69.2983
-71.2973
-73.2983
-75.301
-77.3055
-79.3115
-81.3189
-83.3275
-85.3374
-87.3483
-89.3601
-91.3728
-93.3863
-95.4005

97.4645
95.4512
93.4386
91.4268
89.4157
87.4056
85.3964
83.3884
81.3815
79.376
77.3719
75.3693
73.3684
71.3694
69.3723
67.3773
65.3846
63.3944
61.4068
59.422
57.4403
55.4617
53.4865
51.515
49.5472
47.5834
45.6238
43.6685
41.7178
39.7719
37.8308
35.8947
33.9638
32.0381
30.1176
28.2025
26.2927
24.3881
22.4887
20.5942
18.7047
16.8197
14.939
13.0623
11.1892
9.31926
7.45205
5.58706
3.72376
1.86159
1.45084e-08
-1.86159
-3.72376
-5.58706
-7.45205
-9.31926
-11.1892
-13.0623
-14.939
-16.8197
-18.7047
-20.5942
-22.4887
-24.3881
-26.2927
-28.2025
-30.1176
-32.0381
-33.9638
-35.8947
-37.8308
-39.7719
-41.7178
-43.6685
-45.6238
-47.5834
-49.5472
-51.515
-53.4865
-55.4617
-57.4403
-59.422
-61.4068
-63.3944
-65.3846
-67.3773
-69.3723
-71.3694
-73.3684
-75.3693
-77.3719
-79.376
-81.3815
-83.3884
-85.3964
-87.4056
-89.4157
-91.4268
-93.4386
-95.4512

97.5131
95.5013
93.4902
91.4799
89.4704
87.4619
85.4544
83.4481
81.4429
79.4391
77.4367
75.4359
73.4368
71.4394
69.4441
67.4508
65.4598
63.4713
61.4853
59.502
57.5217
55.5445
53.5705
51.6
49.6331
47.6701
45.711
43.7561
41.8055
39.8593
37.9178
35.9809
34.0488
32.1215
30.1992
28.2818
26.3692
24.4615
22.5586
20.6602
18.7662
16.8764
14.9905
13.1083
11.2293
9.35317
7.47951
5.60784
3.7377
1.86859
1.49463e-08
-1.86859
-3.7377
-5.60784
-7.47951
-9.35317
-11.2293
-13.1083
-14.9905
-16.8764
-18.7662
-20.6602
-22.5586
-24.4615
-26.3692
-28.2818
-30.1992
-32.1215
-34.0488
-35.9809
-37.9178
-39.8593
-41.8055
-43.7561
-45.711
-47.6701
-49.6331
-51.6
-53.5705
-55.5445
-57.5217
-59.502
-61.4853
-63.4713
-65.4598
-67.4508
-69.4441
-71.4394
-73.4368
-75.4359
-77.4367
-79.4391
-81.4429
-83.4481
-85.4544
-87.4619
-89.4704
-91.4799
-93.4902
-95.5013

97.561
95.5506
93.541
91.5322
89.5242
87.5172
85.5113
83.5065
81.503
79.5008
77.5
75.5008
73.5033
71.5076
69.5138
67.5221
65.5327
63.5456
61.561
59.5791
57.6
55.6239
53.651
51.6814
49.7153
47.7528
45.7941
43.8394
41.8887
39.9422
38
36.0622
34.1289
32.2001
30.2759
28.3562
26.441
24.5302
22.6239
20.7217
18.8235
16.9292
15.0385
13.151
11.2665
9.38462
7.50495
5.6271
3.75062
1.87508
1.53828e-08
-1.87508
-3.75062
-5.6271
-7.50495
-9.38462
-11.2665
-13.151
-15.0385
-16.9292
-18.8235
-20.7217
-22.6239
-24.5302
-26.441
-28.3562
-30.2759
-32.2001
-34.1289
-36.0622
-38
-39.9422
-41.8887
-43.8394
-45.7941
-47.7528
-49.7153
-51.6814
-53.651
-55.6239
-57.6
-59.5791
-61.561
-63.5456
-65.5327
-67.5221
-69.5138
-71.5076
-73.5033
-75.5008
-77.5
-79.5008
-81.503
-83.5065
-85.5113
-87.5172
-89.5242
-91.5322
-93.541
-95.5506

97.6082
95.5992
93.591
91.5835
89.577
87.5715
85.567
83.5637
81.5617
79.561
77.5617
75.564
73.568
71.5738
69.5815
67.5912
65.6031
63.6173
61.634
59.6533
57.6753
55.7002
53.7282
51.7593
49.7938
47.8317
45.8733
43.9186
41.9677
40.0207
38.0778
36.1391
34.2045
32.2741
30.348
28.426
26.5083
24.5946
22.6849
20.7791
18.877
16.9784
15.0831
13.1908
11.3011
9.41383
7.52858
5.64497
3.76261
1.88109
1.5818e-08
-1.88109
-3.76261
-5.64497
-7.52858
-9.41383
-11.3011
-13.1908
-15.0831
-16.9784
-18.877
-20.7791
-22.6849
-24.5946
-26.5083
-28.426
-30.348
-32.2741
-34.2045
-36.1391
-38.0778
-40.0207
-41.9677
-43.9186
-45.8733
-47.8317
-49.7938
-51.7593
-53.7282
-55.7002
-57.6753
-59.6533
-61.634
-63.6173
-65.6031
-67.5912
-69.5815
-71.5738
-73.568
-75.564
-77.5617
-79.561
-81.5617
-83.5637
-85.567
-87.5715
-89.577
-91.5835
-93.591
-95.5992

97.6548
95.6471
93.6401
91.634
89.6289
87.6247
85.6216
83.6197
81.619
79.6197
77.6219
75.6256
73.6309
71.638
69.6471
67.6581
65.6712
63.6866
61.7044
59.7248
57.7477
55.7735
53.8022
51.8339
49.8689
47.9071
45.9487
43.9939
42.0427
40.0952
38.1516
36.2118
34.2759
32.3439
30.4158
28.4917
26.5714
24.6549
22.7421
20.8329
18.927
17.0244
15.1247
13.2278
11.3333
9.44103
7.55056
5.66159
3.77376
1.88669
1.6252e-08
-1.88669
-3.77376
-5.66159
-7.55056
-9.44103
-11.3333
-13.2278
-15.1247
-17.0244
-18.927
-20.8329
-22.7421
-24.6549
-26.5714
-28.4917
-30.4158
-32.3439
-34.2759
-36.2118
-38.1516
-40.0952
-42.0427
-43.9939
-45.9487
-47.9071
-49.8689
-51.8339
-53.8022
-55.7735
-57.7477
-59.7248
-61.7044
-63.6866
-65.6712
-67.6581
-69.6471
-71.638
-73.6309
-75.6256
-77.6219
-79.6197
-81.619
-83.6197
-85.6216
-87.6247
-89.6289
-91.634
-93.6401
-95.6471

97.7006
95.6941
93.6884
91.6836
89.6797
87.6768
85.675
83.6744
81.6751
79.6771
77.6805
75.6855
73.6921
71.7004
69.7107
67.7228
65.7371
63.7536
61.7724
59.7936
57.8174
55.8439
53.8731
51.9054
49.9406
47.979
46.0206
44.0656
42.114
40.1659
38.2214
36.2805
34.3433
32.4097
30.4798
28.5535
26.6308
24.7116
22.7958
20.8832
18.9738
17.0674
15.1636
13.2624
11.3634
9.46638
7.57105
5.67707
3.78413
1.89189
1.66849e-08
-1.89189
-3.78413
-5.67707
-7.57105
-9.46638
-11.3634
-13.2624
-15.1636
-17.0674
-18.9738
-20.8832
-22.7958
-24.7116
-26.6308
-28.5535
-30.4798
-32.4097
-34.3433
-36.2805
-38.2214
-40.1659
-42.114
-44.0656
-46.0206
-47.979
-49.9406
-51.9054
-53.8731
-55.8439
-57.8174
-59.7936
-61.7724
-63.7536
-65.7371
-67.7228
-69.7107
-71.7004
-73.6921
-75.6855
-77.6805
-79.6771
-81.6751
-83.6744
-85.675
-87.6768
-89.6797
-91.6836
-93.6884
-95.6941

97.7457
95.7404
93.7358
91.7322
89.7295
87.7278
85.7273
83.7279
81.7297
79.7329
77.7376
75.7437
73.7515
71.761
69.7723
67.7855
65.8008
63.8182
61.8378
59.8599
57.8843
55.9114
53.9412
51.9737
50.0092
48.0476
46.0892
44.1339
42.1818
40.2331
38.2877
36.3457
34.4071
32.4719
30.5401
28.6118
26.6867
24.7648
22.8462
20.9305
19.0177
17.1076
15.2
13.2947
11.3915
9.49006
7.59016
5.69152
3.79381
1.89675
1.71168e-08
-1.89675
-3.79381
-5.69152
-7.59016
-9.49006
-11.3915
-13.2947
-15.2
-17.1076
-19.0177
-20.9305
-22.8462
-24.7648
-26.6867
-28.6118
-30.5401
-32.4719
-34.4071
-36.3457
-38.2877
-40.2331
-42.1818
-44.1339
-46.0892
-48.0476
-50.0092
-51.9737
-53.9412
-55.9114
-57.8843
-59.8599
-61.8378
-63.8182
-65.8008
-67.7855
-69.7723
-71.761
-73.7515
-75.7437
-77.7376
-79.7329
-81.7297
-83.7279
-85.7273
-87.7278
-89.7295
-91.7322
-93.7358
-95.7404

97.7901
95.7858
93.7824
91.7799
89.7783
87.7778
85.7783
83.7801
81.7831
79.7874
77.7931
75.8003
73.8092
71.8197
69.832
67.8462
65.8623
63.8805
61.901
59.9236
57.9487
55.9763
54.0064
52.0392
50.0748
48.1132
46.1546
44.1989
42.2463
40.2968
38.3505
36.4074
34.4674
32.5307
30.5971
28.6667
26.7393
24.8149
22.8935
20.9748
19.0588
17.1453
15.2341
13.325
11.4178
9.5122
7.60804
5.70501
3.80286
1.90128
1.75477e-08
-1.90128
-3.80286
-5.70501
-7.60804
-9.5122
-11.4178
-13.325
-15.2341
-17.1453
-19.0588
-20.9748
-22.8935
-24.8149
-26.7393
-28.6667
-30.5971
-32.5307
-34.4674
-36.4074
-38.3505
-40.2968
-42.2463
-44.1989
-46.1546
-48.1132
-50.0748
-52.0392
-54.0064
-55.9763
-57.9487
-59.9236
-61.901
-63.8805
-65.8623
-67.8462
-69.832
-71.8197
-73.8092
-75.8003
-77.7931
-79.7874
-81.7831
-83.7801
-85.7783
-87.7778
-89.7783
-91.7799
-93.7824
-95.7858

97.8336
95.8304
93.8281
91.8266
89.8261
87.8266
85.8282
83.831
81.8351
79.8404
77.8471
75.8554
73.8652
71.8766
69.8898
67.9048
65.9218
63.9407
61.9618
59.9851
58.0106
56.0386
54.069
52.1019
50.1375
48.1758
46.2169
44.2609
42.3077
40.3575
38.4102
36.4659
34.5246
32.5863
30.6509
28.7185
26.7889
24.8621
22.9381
21.0165
19.0975
17.1807
15.2661
13.3533
11.4424
9.53293
7.62477
5.71765
3.81132
1.90553
1.79778e-08
-1.90553
-3.81132
-5.71765
-7.62477
-9.53293
-11.4424
-13.3533
-15.2661
-17.1807
-19.0975
-21.0165
-22.9381
-24.8621
-26.7889
-28.7185
-30.6509
-32.5863
-34.5246
-36.4659
-38.4102
-40.3575
-42.3077
-44.2609
-46.2169
-48.1758
-50.1375
-52.1019
-54.069
-56.0386
-58.0106
-59.9851
-61.9618
-63.9407
-65.9218
-67.9048
-69.8898
-71.8766
-73.8652
-75.8554
-77.8471
-79.8404
-81.8351
-83.831
-85.8282
-87.8266
-89.8261
-91.8266
-93.8281
-95.8304

97.8764
95.8742
93.8728
91.8723
89.8728
87.8744
85.877
83.8807
81.8857
79.892
77.8997
75.9088
73.9195
71.9318
69.9458
67.9616
65.9792
63.9988
62.0204
60.0442
58.0701
56.0984
54.129
52.162
50.1976
48.2357
46.2765
44.3199
42.3661
40.4151
38.4668
36.5214
34.5788
32.6389
30.7018
28.7675
26.8358
24.9066
22.98
21.0558
19.1338
17.214
15.2961
13.38
11.4655
9.55237
7.64045
5.72949
3.81925
1.9095
1.84069e-08
-1.9095
-3.81925
-5.72949
-7.64045
-9.55237
-11.4655
-13.38
-15.2961
-17.214
-19.1338
-21.0558
-22.98
-24.9066
-26.8358
-28.7675
-30.7018
-32.6389
-34.5788
-36.5214
-38.4668
-40.4151
-42.3661
-44.3199
-46.2765
-48.2357
-50.1976
-52.162
-54.129
-56.0984
-58.0701
-60.0442
-62.0204
-63.9988
-65.9792
-67.9616
-69.9458
-71.9318
-73.9195
-75.9088
-77.8997
-79.892
-81.8857
-83.8807
-85.877
-87.8744
-89.8728
-91.8723
-93.8728
-95.8742

97.9184
95.9171
93.9167
91.9171
89.9186
87.921
85.9245
83.9292
81.9351
79.9423
77.9508
75.9608
73.9723
71.9853
70
68.0164
66.0347
64.0548
62.0769
60.1011
58.1273
56.1558
54.1865
52.2196
50.255
48.2929
46.3333
44.3763
42.4218
40.4699
38.5207
36.5741
34.6301
32.6888
30.75
28.8138
26.88
24.9486
23.0196
21.0928
19.1681
17.2453
15.3243
13.405
11.4872
9.57063
7.65517
5.7406
3.82669
1.91323
1.88353e-08
-1.91323
-3.82669
-5.7406
-7.65517
-9.57063
-11.4872
-13.405
-15.3243
-17.2453
-19.1681
-21.0928
-23.0196
-24.9486
-26.88
-28.8138
-30.75
-32.6888
-34.6301
-36.5741
-38.5207
-40.4699
-42.4218
-44.3763
-46.3333
-48.2929
-50.255
-52.2196
-54.1865
-56.1558
-58.1273
-60.1011
-62.0769
-64.0548
-66.0347
-68.0164
-70
-71.9853
-73.9723
-75.9608
-77.9508
-79.9423
-81.9351
-83.9292
-85.9245
-87.921
-89.9186
-91.9171
-93.9167
-95.9171

97.9596
95.9592
93.9596
91.961
89.9632
87.9666
85.9709
83.9765
81.9832
79.9912
78.0005
76.0112
74.0234
72.0371
70.0525
68.0695
66.0883
64.1089
62.1314
60.1559
58.1824
56.211
54.2418
52.2748
50.31
48.3477
46.3876
44.43
42.4749
40.5222
38.5719
36.6242
34.6789
32.7361
30.7956
28.8576
26.9218
24.9883
23.057
21.1277
19.2003
17.2748
15.3509
13.4286
11.5076
9.5878
7.66901
5.75104
3.83368
1.91674
1.9263e-08
-1.91674
-3.83368
-5.75104
-7.66901
-9.5878
-11.5076
-13.4286
-15.3509
-17.2748
-19.2003
-21.1277
-23.057
-24.9883
-26.9218
-28.8576
-30.7956
-32.7361
-34.6789
-36.6242
-38.5719
-40.5222
-42.4749
-44.43
-46.3876
-48.3477
-50.31
-52.2748
-54.2418
-56.211
-58.1824
-60.1559
-62.1314
-64.1089
-66.0883
-68.0695
-70.0525
-72.0371
-74.0234
-76.0112
-78.0005
-79.9912
-81.9832
-83.9765
-85.9709
-87.9666
-89.9632
-91.961
-93.9596
-95.9592

