0
0
0
0
0
0
0
0
0
0
0
0
0
0
0
0
0
0
0
0
250
0
0
0
0
0
0
0
0
0
0
0
0
0
0
0
0
0
0
0
0
0
0
0
0
0
0
0
0
0
0
0
0
0
0
0
0
0
0
0
0
0
0
0
0
0
0
0
0
0
0
0
0
0
0
0
0
0
0
0
0
0
0
0
0
0
0
0
0
0
0
0
0
0
0
0
0
0
0
400

0
0.0449857
0.0912179
0.140025
0.192935
0.251813
0.319049
0.397848
0.492669
0.609967
0.759434
0.956262
1.2254
1.6102
2.19113
3.13002
4.78474
8.03702
15.3275
34.2383
90.9432
34.2685
15.3881
8.12833
4.9074
3.28483
2.37908
1.83251
1.4835
1.25182
1.09435
0.986418
0.913092
0.864979
0.835946
0.821884
0.819977
0.828271
0.845392
0.87038
0.902564
0.94149
0.986865
1.03852
1.09638
1.16044
1.23078
1.30751
1.39079
1.48084
1.5779
1.68224
1.79417
1.91404
2.04222
2.17913
2.32522
2.48096
2.6469
2.8236
3.01168
3.21184
3.42482
3.65143
3.89259
4.14929
4.42264
4.71388
5.02439
5.35575
5.70971
6.0883
6.49381
6.9289
7.39665
7.90064
8.44506
9.03488
9.67603
10.3756
11.1422
11.9864
12.9212
13.9628
15.132
16.4554
17.9677
19.7155
21.762
24.196
27.1456
30.8027
35.4681
41.6406
50.2061
62.8818
83.3679
120.68
199.871
400

0
0.0887683
0.179937
0.276057
0.380048
0.495449
0.626756
0.77993
0.963164
1.18811
1.4719
1.84065
2.33564
3.02483
4.0249
5.54491
7.97265
12.0366
19.0356
30.6836
45.2669
30.7439
19.1567
12.2192
8.2179
5.85443
4.40068
3.46928
2.85163
2.43149
2.14141
1.94059
1.80349
1.71355
1.65975
1.63461
1.63292
1.65105
1.68643
1.73725
1.80225
1.88058
1.97169
2.07526
2.19116
2.31941
2.46015
2.61363
2.78018
2.96022
3.15423
3.36278
3.58647
3.826
4.08211
4.35564
4.64747
4.95857
5.28999
5.64288
6.01848
6.41815
6.84336
7.29576
7.77713
8.28946
8.83495
9.41605
10.0355
10.6964
11.4023
12.1571
12.9654
13.8325
14.7643
15.7679
16.8516
18.0252
19.3002
20.6906
22.2131
23.8882
25.7411
27.8035
30.1151
32.7267
35.7046
39.1365
43.1404
47.88
53.5869
60.5999
69.4318
80.8904
96.3038
117.954
149.911
199.483
278.802
400

0
0.130226
0.263835
0.404404
0.555997
0.723483
0.912964
1.13239
1.39245
1.70798
2.10007
2.59955
3.25252
4.12948
5.33978
7.0532
9.52556
13.1027
18.0962
24.1951
28.6987
24.2855
18.2776
13.3762
9.89302
7.51694
5.90277
4.79533
4.0255
3.48461
3.1029
2.83501
2.65093
2.53043
2.45964
2.42887
2.43132
2.46214
2.51788
2.5961
2.69508
2.81367
2.95113
3.10706
3.28129
3.4739
3.68511
3.91532
4.16503
4.43487
4.72559
5.038
5.37305
5.73177
6.11526
6.52477
6.96161
7.42724
7.92322
8.45125
9.01318
9.61103
10.247
10.9235
11.6432
12.409
13.2242
14.0925
15.0178
16.0047
17.0585
18.1849
19.3906
20.6834
22.072
23.5669
25.1799
26.9254
28.8201
30.8841
33.1416
35.6219
38.3612
41.4042
44.8067
48.6399
52.9953
57.9924
63.7899
70.6027
78.7275
88.5829
100.773
116.189
136.167
162.724
198.839
248.54
315.857
400

0
0.168411
0.340958
0.521992
0.716401
0.929953
1.16975
1.44482
1.76699
2.15211
2.62178
3.20598
3.94658
4.90211
6.15298
7.80414
9.97548
12.7541
16.0537
19.3043
21.0496
19.4246
16.2951
13.1182
10.4645
8.42123
6.9021
5.78805
4.975
4.38343
3.95578
3.65116
3.44069
3.30388
3.22612
3.19694
3.20876
3.25612
3.33507
3.44281
3.57735
3.73736
3.92202
4.13088
4.36383
4.62099
4.90273
5.20959
5.54226
5.9016
6.2886
6.70436
7.15014
7.6273
8.13732
8.68182
9.26258
9.88149
10.5406
11.2422
11.9887
12.7827
13.6272
14.5253
15.4806
16.4967
17.5781
18.7295
19.956
21.2638
22.6595
24.1507
25.746
27.4554
29.2903
31.264
33.3919
35.6921
38.1859
40.8989
43.8616
47.1106
50.691
54.6578
59.0796
64.0423
69.6549
76.0578
83.4332
92.0218
102.145
114.238
128.895
146.93
169.456
197.94
234.182
279.981
336.086
400

0
0.202598
0.409835
0.626547
0.858106
1.11074
1.39193
1.71094
2.07951
2.51272
3.03017
3.65736
4.42722
5.38108
6.56774
8.03697
9.82035
11.8872
14.0628
15.9217
16.7742
16.0717
14.3637
12.341
10.4299
8.80617
7.50147
6.48527
5.70887
5.12461
4.69231
4.3803
4.16436
4.02631
3.95255
3.933
3.96016
4.02852
4.13403
4.27379
4.44576
4.64858
4.88143
5.14391
5.43599
5.75792
6.1102
6.49356
6.90889
7.35728
7.83998
8.35838
8.91403
9.50863
10.144
10.8222
11.5454
12.316
13.1364
14.0094
14.9382
15.9258
16.9759
18.0923
19.2794
20.5417
21.8846
23.3138
24.8357
26.4575
28.1874
30.0345
32.0093
34.1237
36.3913
38.828
41.4522
44.2852
47.3523
50.6832
54.3135
58.2858
62.6513
67.4728
72.827
78.8091
85.538
93.1632
101.875
111.917
123.603
137.338
153.644
173.188
196.791
225.402
259.972
301.12
348.505
400

0
0.232322
0.46953
0.716675
0.979286
1.26364
1.5771
1.92848
2.32851
2.79038
3.33026
3.96772
4.72569
5.6293
6.70221
7.95817
9.38451
10.9145
12.3919
13.549
14.058
13.7283
12.7518
11.4572
10.1134
8.8779
7.81858
6.94938
6.25779
5.72149
5.31674
5.02205
4.8194
4.69425
4.63518
4.63334
4.68198
4.776
4.91162
5.0861
5.29751
5.54463
5.82673
6.14355
6.49519
6.88207
7.30486
7.76448
8.26206
8.79893
9.37658
9.9967
10.6611
11.3719
12.1313
12.9416
13.8054
14.7254
15.7049
16.7468
17.8549
19.0329
20.285
21.6157
23.0301
24.5336
26.1323
27.8329
29.6429
31.5706
33.6254
35.8178
38.1599
40.6652
43.3493
46.2303
49.3288
52.6688
56.2787
60.1914
64.446
69.0891
74.1764
79.7747
85.9653
92.847
100.541
109.198
119.001
130.181
143.023
157.876
175.166
195.396
219.124
246.91
279.186
316.024
356.816
400

0
0.257365
0.519636
0.791833
1.07937
1.38825
1.72532
2.0985
2.51699
2.99156
3.53451
4.15951
4.8807
5.71064
6.65631
7.71197
8.84825
9.99811
11.0452
11.8286
12.185
12.0369
11.4633
10.6285
9.69496
8.7803
7.95297
7.24377
6.65989
6.19587
5.84075
5.58205
5.40785
5.3077
5.27284
5.29618
5.37211
5.49632
5.66553
5.8774
6.13029
6.4232
6.75562
7.12748
7.53908
7.99102
8.48421
9.01976
9.59906
10.2237
10.8954
11.6161
12.3881
13.2135
14.0951
15.0356
16.0378
17.105
18.2407
19.4485
20.7325
22.0971
23.547
25.0874
26.7239
28.4626
30.3106
32.2752
34.3649
36.589
38.9579
41.4835
44.1788
47.0591
50.1414
53.4453
56.9934
60.8116
64.9304
69.3849
74.2165
79.4739
85.2147
91.5076
98.4344
106.093
114.602
124.103
134.767
146.8
160.445
175.989
193.76
214.114
237.406
263.935
293.843
326.976
362.735
400

0
0.27774
0.560217
0.852226
1.15885
1.4856
1.83857
2.22451
2.65094
3.1261
3.65869
4.25736
4.92946
5.67905
6.5035
7.38856
8.30218
9.18859
9.96679
10.5399
10.822
10.7769
10.4422
9.90545
9.26495
8.60327
7.97771
7.42195
6.95185
6.57178
6.27945
6.06935
5.93481
5.86918
5.86641
5.92135
6.02974
6.18823
6.39427
6.64604
6.94231
7.28242
7.66614
8.09367
8.56553
9.08258
9.64594
10.257
10.9173
11.6288
12.3935
13.2135
14.0915
15.0299
16.0318
17.1002
18.2383
19.4499
20.7387
22.109
23.5651
25.1121
26.755
28.4996
30.3523
32.3197
34.4094
36.6297
38.9898
41.4997
44.1709
47.016
50.0493
53.2869
56.7472
60.4509
64.4218
68.6873
73.2788
78.2327
83.5915
89.4044
95.7291
102.633
110.197
118.513
127.693
137.866
149.184
161.823
175.984
191.891
209.784
229.903
252.46
277.588
305.279
335.305
367.149
400

0
0.293648
0.591724
0.898652
1.21905
1.5578
1.9201
2.31152
2.7379
3.20518
3.71906
4.2843
4.90357
5.57578
6.29359
7.04046
7.78756
8.49196
9.09852
9.54796
9.7923
9.81304
9.63034
9.29383
8.86444
8.39905
7.94228
7.52474
7.16482
6.87171
6.64847
6.49446
6.40707
6.38286
6.41825
6.50993
6.65507
6.85135
7.09704
7.39091
7.73226
8.1208
8.55667
9.04036
9.57269
10.1548
10.788
11.4739
12.2145
13.0119
13.8682
14.7861
15.7683
16.8178
17.9377
19.1315
20.4029
21.7557
23.1942
24.7231
26.3471
28.0716
29.9022
31.8453
33.9076
36.0964
38.4198
40.8867
43.5069
46.2912
49.2517
52.4017
55.7564
59.3327
63.1495
67.2285
71.5941
76.2744
81.3012
86.7112
92.5466
98.856
105.696
113.13
121.235
130.097
139.817
150.508
162.302
175.344
189.794
205.822
223.595
243.268
264.952
288.685
314.387
341.819
370.556
400

0
0.305432
0.614887
0.932334
1.26184
1.6076
1.97394
2.36525
2.78588
3.23987
3.73059
4.26003
4.82792
5.43041
6.05852
6.69646
7.32037
7.89838
8.39307
8.76727
8.99293
9.05995
8.98023
8.78365
8.50919
8.19616
7.8783
7.58141
7.32326
7.11488
6.96225
6.86785
6.83199
6.85373
6.93157
7.06387
7.24909
7.48598
7.77361
8.11142
8.49923
8.93722
9.4259
9.9661
10.5589
11.2058
11.9084
12.6686
13.4885
14.3704
15.3171
16.3312
17.4158
18.5741
19.8096
21.1261
22.5276
24.0182
25.6027
27.2859
29.0732
30.9701
32.9828
35.118
37.3828
39.7852
42.3335
45.0373
47.9068
50.9533
54.1894
57.629
61.2878
65.183
69.3341
73.7631
78.4947
83.5568
88.9811
94.8039
101.066
107.814
115.102
122.99
131.548
140.854
150.996
162.074
174.196
187.479
202.048
218.024
235.523
254.634
275.406
297.821
321.77
347.031
373.258
400

0
0.313526
0.630621
0.954755
1.28942
1.63813
2.00437
2.3915
2.80262
3.24028
3.70616
4.20044
4.72116
5.26332
5.81794
6.37123
6.90431
7.39387
7.81437
8.14198
8.35964
8.46167
8.45572
8.36079
8.20273
8.00906
7.80515
7.61197
7.44544
7.31676
7.2332
7.1991
7.21672
7.28698
7.41001
7.58558
7.81331
8.0929
8.42422
8.80737
9.24271
9.73088
10.2728
10.8697
11.5229
12.2342
13.0055
13.839
14.7371
15.7024
16.7377
17.8462
19.0311
20.2959
21.6444
23.0806
24.6089
26.2337
27.9601
29.7932
31.7387
33.8025
35.9912
38.3118
40.7717
43.3793
46.1434
49.0738
52.1812
55.4772
58.9747
62.688
66.6329
70.827
75.2898
80.0432
85.1117
90.5228
96.3075
102.501
109.141
116.273
123.947
132.218
141.148
150.807
161.272
172.625
184.954
198.354
212.915
228.724
245.855
264.353
284.228
305.433
327.85
351.281
375.448
400

0
0.318416
0.639933
0.967516
1.3041
1.65255
2.01561
2.39577
2.79514
3.21516
3.65634
4.1178
4.59677
5.08802
5.58338
6.0714
6.53748
6.96468
7.33542
7.63411
7.8501
7.98021
8.02973
8.01141
7.94299
7.84418
7.73413
7.62967
7.54454
7.48927
7.47151
7.49653
7.56783
7.68762
7.85729
8.0777
8.34949
8.6732
9.04942
9.47887
9.96245
10.5013
11.0966
11.7501
12.4634
13.2386
14.0779
14.9837
15.9587
17.0058
18.1281
19.3289
20.6118
21.9805
23.4392
24.992
26.6435
28.3987
30.2626
32.2409
34.3393
36.5643
38.9226
41.4214
44.0687
46.8729
49.8432
52.9897
56.3232
59.8556
63.6
67.5707
71.7837
76.2564
81.0082
86.0606
91.4374
97.1655
103.274
109.797
116.77
124.235
132.237
140.826
150.058
159.991
170.693
182.229
194.673
208.093
222.558
238.125
254.837
272.712
291.734
311.842
332.922
354.801
377.252
400

0
0.320601
0.643848
0.972223
1.30814
1.6539
2.01159
2.38302
2.76952
3.17177
3.58954
4.02136
4.46422
4.91321
5.36126
5.79915
6.21573
6.59872
6.93594
7.21702
7.43523
7.58888
7.68191
7.7233
7.72568
7.70352
7.67145
7.64297
7.62976
7.64135
7.68522
7.76705
7.89102
8.06022
8.27693
8.54289
8.85954
9.22816
9.64997
10.1263
10.6584
11.248
11.8968
12.6066
13.3795
14.2178
15.1241
16.1011
17.1516
18.2789
19.4863
20.7773
22.1558
23.6257
25.1914
26.8575
28.6286
30.5099
32.5069
34.6253
36.8713
39.2514
41.7726
44.4425
47.269
50.261
53.4277
56.7794
60.327
64.0826
68.0592
72.2711
76.734
81.4652
86.4836
91.81
97.4675
103.481
109.88
116.694
123.957
131.707
139.985
148.835
158.306
168.447
179.314
190.962
203.445
216.817
231.124
246.404
262.676
279.941
298.167
317.29
337.202
357.755
378.76
400

0
0.320565
0.643355
0.970408
1.30367
1.64496
1.99583
2.35753
2.73086
3.11597
3.5122
3.91785
4.33
4.74427
5.15479
5.55425
5.93423
6.28583
6.60057
6.87151
7.09438
7.26846
7.39686
7.48621
7.54586
7.58671
7.62014
7.65707
7.70735
7.77949
7.88055
8.01623
8.1911
8.40877
8.67215
8.98365
9.34535
9.75912
10.2268
10.75
11.3308
11.9711
12.6729
13.4385
14.2703
15.171
16.1432
17.19
18.3145
19.5202
20.8106
22.1895
23.661
25.2293
26.8989
28.6746
30.5615
32.5648
34.6901
36.9435
39.3314
41.8604
44.5377
47.371
50.3686
53.5393
56.8925
60.4384
64.1882
68.1536
72.3478
76.7847
81.4798
86.4497
91.7129
97.2892
103.201
109.471
116.127
123.196
130.71
138.703
147.21
156.271
165.927
176.22
187.195
198.895
211.363
224.636
238.746
253.714
269.545
286.226
303.72
321.96
340.85
360.261
380.037
400

0
0.31876
0.639369
0.963472
1.29262
1.62819
1.97135
2.32293
2.68333
3.05237
3.4292
3.81211
4.19841
4.58438
4.96524
5.33529
5.68823
6.01761
6.31753
6.58336
6.81245
7.0047
7.16273
7.29167
7.39868
7.49223
7.58134
7.67495
7.78144
7.90833
8.06215
8.24849
8.47201
8.73667
9.0458
9.40229
9.8087
10.2674
10.7807
11.3508
11.9799
12.6705
13.4248
14.2456
15.1354
16.0972
17.1341
18.2493
19.4461
20.7282
22.0995
23.5639
25.1257
26.7894
28.5596
30.4414
32.4399
34.5607
36.8096
39.1928
41.7167
44.3882
47.2147
50.204
53.3643
56.7045
60.2342
63.9635
67.9033
72.0655
76.4627
81.1087
86.0185
91.2081
96.695
102.498
108.638
115.138
122.02
129.312
137.042
145.238
153.934
163.162
172.958
183.356
194.392
206.1
218.51
231.651
245.54
260.187
275.587
291.719
308.543
325.994
343.986
362.407
381.127
400

0
0.315593
0.632709
0.952656
1.27664
1.60573
1.94073
2.28219
2.63024
2.98453
3.34415
3.70749
4.07221
4.43523
4.79273
5.14034
5.47336
5.78716
6.07767
6.34183
6.57812
6.78685
6.97033
7.13272
7.2797
7.41803
7.55506
7.6982
7.85465
8.03107
8.23347
8.46719
8.73692
9.04676
9.40031
9.80082
10.2512
10.7543
11.3127
11.9291
12.606
13.3462
14.1523
15.0273
15.9742
16.996
18.0961
19.278
20.5453
21.9019
23.3517
24.8991
26.5484
28.3043
30.1717
32.1558
34.2619
36.4958
38.8633
41.3708
44.0248
46.8325
49.8012
52.9387
56.2534
59.7541
63.4503
67.3521
71.4701
75.8161
80.4022
85.242
90.3495
95.7404
101.431
107.439
113.784
120.487
127.569
135.053
142.966
151.333
160.181
169.539
179.437
189.901
200.961
212.642
224.967
237.952
251.607
265.934
280.921
296.542
312.755
329.501
346.701
364.26
382.067
400

0
0.311419
0.624087
0.93903
1.25718
1.57933
1.90606
2.23768
2.57417
2.91512
3.25963
3.60627
3.95309
4.29757
4.63673
4.96726
5.28571
5.58881
5.87376
6.13866
6.38273
6.60662
6.81242
7.00363
7.18495
7.36193
7.54066
7.72747
7.92856
8.14988
8.39698
8.67493
8.98832
9.34133
9.73773
10.181
10.6744
11.221
11.8238
12.4856
13.2095
13.9985
14.8554
15.7836
16.7862
17.8667
19.0285
20.2754
21.6113
23.0401
24.5661
26.1938
27.9277
29.7727
31.7338
33.8163
36.0258
38.3681
40.8493
43.4757
46.254
49.1914
52.2952
55.5733
59.0341
62.6863
66.5392
70.6027
74.8874
79.4045
84.1659
89.1844
94.4736
100.048
105.924
112.116
118.644
125.526
132.782
140.433
148.5
157.007
165.977
175.434
185.401
195.901
206.957
218.586
230.803
243.619
257.037
271.051
285.646
300.793
316.452
332.567
349.068
365.871
382.883
400

0
0.306542
0.614108
0.923496
1.23542
1.55046
1.86902
2.19128
2.51712
2.84612
3.17746
3.50994
3.84195
4.17151
4.49633
4.81395
5.12188
5.41786
5.70005
5.96735
6.21955
6.45751
6.68321
6.8997
7.11097
7.32174
7.5372
7.76279
8.004
8.26618
8.55445
8.8736
9.22814
9.62223
10.0597
10.5443
11.0795
11.6685
12.3146
13.021
13.7909
14.6275
15.5342
16.5143
17.5714
18.709
19.9309
21.2409
22.6433
24.1421
25.7419
27.4471
29.2626
31.1934
33.2446
35.4217
37.7304
40.1765
42.7662
45.506
48.4027
51.4633
54.6953
58.1065
61.7051
65.4999
69.4998
73.7147
78.1547
82.8307
87.7541
92.9372
98.3927
104.134
110.177
116.535
123.226
130.265
137.672
145.464
153.661
162.282
171.347
180.876
190.888
201.4
212.428
223.986
236.084
248.724
261.906
275.619
289.846
304.557
319.713
335.262
351.142
367.281
383.596
400

0
0.301214
0.603274
0.906795
1.21232
1.52028
1.83095
2.14442
2.46055
2.77893
3.09887
3.41939
3.7392
4.0568
4.37047
4.67841
4.9789
5.27043
5.55189
5.82276
6.08323
6.33435
6.57802
6.817
7.05477
7.29544
7.54355
7.80388
8.08135
8.38082
8.70705
9.06461
9.45785
9.89091
10.3677
10.8921
11.4675
12.0977
12.7859
13.5357
14.3504
15.2336
16.1887
17.2195
18.3295
19.5226
20.8027
22.174
23.6408
25.2073
26.8782
28.6582
30.5522
32.5654
34.7031
36.9709
39.3744
41.9197
44.613
47.4608
50.4699
53.6474
57.0006
60.5374
64.2658
68.1944
72.332
76.6881
81.2726
86.0957
91.1686
96.5026
102.11
108.003
114.196
120.702
127.537
134.715
142.252
150.164
158.468
167.181
176.319
185.898
195.933
206.437
217.422
228.897
240.865
253.328
266.279
279.706
293.59
307.9
322.599
337.641
352.97
368.52
384.222
400

0
0.29564
0.591989
0.889523
1.18866
1.48971
1.79287
2.09819
2.40553
2.71453
3.02465
3.3351
3.64491
3.95295
4.258
4.55879
4.8542
5.14328
5.42548
5.70072
5.9695
6.23299
6.49307
6.75227
7.01375
7.28116
7.55855
7.85022
8.16063
8.49427
8.85558
9.24893
9.67854
10.1485
10.6628
11.2252
11.8395
12.5094
13.2384
14.0303
14.8886
15.8169
16.8191
17.899
19.0603
20.3072
21.6438
23.0743
24.6032
26.235
27.9744
29.8264
31.7959
33.8882
36.1087
38.4631
40.9572
43.597
46.3889
49.3392
52.4549
55.743
59.2107
62.8658
66.7161
70.77
75.0363
79.5238
84.2422
89.2013
94.4115
99.8837
105.629
111.66
117.988
124.625
131.587
138.885
146.534
154.548
162.94
171.726
180.918
190.529
200.57
211.051
221.981
233.363
245.199
257.486
270.215
283.372
296.936
310.879
325.165
339.751
354.587
369.615
384.775
400

0
0.289984
0.580577
0.87215
1.16502
1.45944
1.75556
2.05339
2.35282
2.65359
2.95526
3.25726
3.55889
3.85934
4.15778
4.45341
4.74553
5.03367
5.31769
5.59783
5.87484
6.15002
6.42519
6.70278
6.98567
7.2772
7.58106
7.90119
8.24168
8.60672
9.00052
9.42725
9.89102
10.3959
10.9458
11.5446
12.1962
12.9043
13.6727
14.5053
15.4057
16.3778
17.4256
18.553
19.764
21.0629
22.454
23.9416
25.5304
27.225
29.0302
30.9512
32.993
35.161
37.4607
39.8978
42.4782
45.208
48.0934
51.141
54.3575
57.75
61.3255
65.0917
69.0563
73.2274
77.6134
82.2231
87.0654
92.1498
97.4861
103.084
108.955
115.109
121.558
128.313
135.386
142.789
150.533
158.632
167.097
175.938
185.168
194.796
204.83
215.278
226.144
237.428
249.131
261.246
273.763
286.666
299.935
313.541
327.452
341.627
356.023
370.587
385.265
400

0
0.284375
0.569288
0.855036
1.14188
1.43001
1.71956
2.01056
2.30292
2.59647
2.89091
3.18585
3.48081
3.77527
4.06873
4.36074
4.65096
4.93929
5.22589
5.51129
5.7964
6.08262
6.37179
6.6662
6.96859
7.28205
7.61
7.9561
8.32418
8.71819
9.14213
9.60002
10.0959
10.6337
11.2174
11.8509
12.5382
13.283
14.0894
14.9611
15.9022
16.9165
18.0083
19.1815
20.4405
21.7895
23.2331
24.7757
26.422
28.1769
30.0453
32.0324
34.1434
36.3837
38.7589
41.2748
43.9373
46.7524
49.7265
52.8661
56.1778
59.6685
63.3454
67.2158
71.2873
75.5677
80.0651
84.7879
89.7446
94.9443
100.396
106.109
112.093
118.359
124.916
131.774
138.945
146.438
154.264
162.433
170.955
179.839
189.094
198.727
208.744
219.15
229.946
241.131
252.702
264.651
276.966
289.632
302.628
315.926
329.497
343.302
357.302
371.451
385.701
400

0
0.278908
0.558309
0.83845
1.11955
1.40179
1.68528
1.97007
2.25615
2.5434
2.83167
3.12071
3.41026
3.70004
3.98981
4.27941
4.5688
4.85816
5.1479
5.43875
5.73179
6.02848
6.33066
6.64057
6.96083
7.29435
7.64435
8.01428
8.40776
8.82856
9.28051
9.76751
10.2935
10.8624
11.4782
12.1447
12.866
13.6461
14.4888
15.3982
16.3783
17.4333
18.5674
19.7848
21.0899
22.4871
23.9811
25.5764
27.278
29.0907
31.0195
33.0698
35.2468
37.5561
40.0031
42.5939
45.3342
48.2302
51.2882
54.5146
57.9159
61.4991
65.2711
69.239
73.4103
77.7924
82.3932
87.2205
92.2827
97.5881
103.145
108.963
115.05
121.415
128.068
135.018
142.274
149.845
157.739
165.966
174.534
183.449
192.718
202.347
212.339
222.697
233.419
244.504
255.946
267.736
279.862
292.307
305.051
318.068
331.329
344.801
358.446
372.224
386.09
400

0
0.273654
0.547776
0.822585
1.09828
1.37503
1.65297
1.93216
2.21266
2.49444
2.77744
3.06158
3.34677
3.63293
3.92005
4.2082
4.49757
4.78858
5.08184
5.37824
5.67899
5.9856
6.29995
6.62422
6.96093
7.31289
7.68316
8.07504
8.49199
8.93763
9.41566
9.92989
10.4842
11.0824
11.7285
12.4264
13.1802
13.9938
14.8713
15.8168
16.8344
17.9285
19.1032
20.363
21.7124
23.1558
24.6981
26.344
28.0984
29.9663
31.9529
34.0634
36.3033
38.6781
41.1934
43.8552
46.6692
49.6417
52.7789
56.087
59.5727
63.2426
67.1036
71.1626
75.4268
79.9034
84.5999
89.5238
94.6829
100.085
105.738
111.651
117.83
124.285
131.023
138.054
145.384
153.021
160.973
169.248
177.85
186.787
196.062
205.679
215.64
225.946
236.593
247.579
258.897
270.536
282.484
294.724
307.235
319.995
332.976
346.146
359.471
372.915
386.438
400

0
0.268663
0.537785
0.807574
1.07822
1.34991
1.62277
1.89694
2.1725
2.44953
2.72806
3.00815
3.28985
3.57326
3.85856
4.146
4.43598
4.7291
5.02613
5.32809
5.6363
5.95234
6.27807
6.61568
6.96761
7.3366
7.72559
8.13776
8.57645
9.04515
9.5475
10.0872
10.668
11.2939
11.9687
12.6964
13.481
14.3266
15.2373
16.2173
17.2709
18.4023
19.6159
20.9163
22.308
23.7958
25.3843
27.0784
28.8832
30.8038
32.8454
35.0133
37.3129
39.7499
42.33
45.059
47.9427
50.9874
54.1991
57.5841
61.1489
64.9001
68.8442
72.9881
77.3387
81.9029
86.6879
91.7007
96.9488
102.44
108.18
114.178
120.441
126.976
133.79
140.891
148.285
155.979
163.98
172.292
180.921
189.871
199.145
208.745
218.671
228.922
239.494
250.384
261.582
273.078
284.859
296.909
309.207
321.732
334.457
347.354
360.391
373.535
386.75
400

0
0.263967
0.528397
0.793498
1.05947
1.3265
1.59477
1.86444
2.13565
2.40856
2.68331
2.96006
3.239
3.52037
3.8045
4.09182
4.38289
4.67844
4.97939
5.28688
5.60229
5.92725
6.26367
6.61371
6.97978
7.36453
7.77085
8.20182
8.66068
9.15086
9.67589
10.2394
10.8452
11.4971
12.199
12.9549
13.7688
14.6448
15.5872
16.6001
17.6879
18.8549
20.1058
21.4449
22.8771
24.4071
26.0397
27.7799
29.6327
31.6034
33.6973
35.9196
38.2759
40.7719
43.4132
46.2056
49.1551
52.2677
55.5495
59.0067
62.6457
66.4728
70.4945
74.7174
79.1481
83.7934
88.6599
93.7546
99.0842
104.656
110.476
116.551
122.889
129.495
136.376
143.539
150.989
158.731
166.772
175.114
183.762
192.719
201.986
211.564
221.452
231.647
242.146
252.942
264.026
275.388
287.014
298.887
310.99
323.3
335.793
348.442
361.219
374.093
387.031
400

0
0.259584
0.519646
0.780402
1.04207
1.30485
1.56897
1.83462
2.10202
2.37138
2.64293
2.91695
3.19372
3.47364
3.75714
4.04479
4.3373
4.6355
4.94045
5.25336
5.57569
5.90913
6.25559
6.61723
6.99644
7.39584
7.81824
8.26666
8.74429
9.25446
9.80068
10.3865
11.0157
11.6921
12.4196
13.2021
14.0438
14.9487
15.9211
16.9653
18.0857
19.2867
20.573
21.9491
23.4199
24.9901
26.6646
28.4486
30.3471
32.3654
34.5088
36.7827
39.1927
41.7444
44.4435
47.2958
50.3072
53.4836
56.8312
60.356
64.0642
67.9621
72.056
76.3522
80.8572
85.5774
90.5191
95.6889
101.093
106.738
112.63
118.775
125.18
131.85
138.79
146.007
153.505
161.288
169.361
177.727
186.388
195.346
204.602
214.156
224.004
234.144
244.57
255.276
266.253
277.488
288.969
300.68
312.603
324.717
336.999
349.424
361.966
374.596
387.284
400

0
0.255523
0.511546
0.7683
1.02602
1.28495
1.54533
1.80742
2.07147
2.33778
2.60665
2.87844
3.15356
3.43248
3.71577
4.00411
4.29831
4.59932
4.90827
5.22647
5.55544
5.89691
6.2528
6.6253
7.01676
7.42977
7.86712
8.33177
8.82686
9.35569
9.92169
10.5284
11.1796
11.879
12.6306
13.4382
14.3061
15.2384
16.2393
17.3133
18.4646
19.698
21.0179
22.4292
23.9365
25.5449
27.2593
29.0848
31.0266
33.09
35.2803
37.6031
40.0637
42.668
45.4215
48.3301
51.3996
54.6359
58.045
61.633
65.4058
69.3697
73.5306
77.8949
82.4685
87.2577
92.2686
97.5071
102.979
108.691
114.648
120.857
127.321
134.047
141.04
148.304
155.843
163.66
171.76
180.144
188.813
197.769
207.01
216.536
226.344
236.429
246.786
257.406
268.281
279.398
290.745
302.306
314.064
325.999
338.088
350.31
362.639
375.049
387.512
400

0
0.251784
0.504095
0.757185
1.01132
1.26676
1.5238
1.78272
2.04386
2.30755
2.57418
2.84418
3.11805
3.39636
3.67977
3.96906
4.26513
4.56903
4.88195
5.20529
5.54061
5.88967
6.25444
6.63708
7.03997
7.46566
7.91692
8.39668
8.90803
9.45425
10.0387
10.665
11.3368
12.0578
12.8321
13.6634
14.5561
15.5142
16.5421
17.6442
18.8249
20.0889
21.4407
22.8853
24.4274
26.072
27.8241
29.6889
31.6717
33.7777
36.0123
38.381
40.8894
43.5431
46.3478
49.3092
52.4332
55.7256
59.1922
62.8391
66.6721
70.6973
74.9204
79.3476
83.9846
88.8373
93.9116
99.2131
104.747
110.52
116.536
122.801
129.319
136.095
143.134
150.439
158.013
165.859
173.98
182.376
191.05
200
209.225
218.722
228.49
238.521
248.81
259.349
270.128
281.136
292.359
303.782
315.388
327.159
339.074
351.111
363.247
375.458
387.717
400

0
0.248361
0.497279
0.747032
0.99791
1.25021
1.50427
1.7604
2.019
2.28045
2.54522
2.8138
3.08677
3.36477
3.64857
3.93901
4.23707
4.54388
4.86071
5.189
5.53037
5.88661
6.25971
6.65186
7.0654
7.50292
7.96713
8.46095
8.98745
9.54989
10.1516
10.7962
11.4873
12.2286
13.0241
13.8778
14.7938
15.7763
16.8297
17.9583
19.1668
20.4597
21.8417
23.3178
24.8927
26.5715
28.3593
30.2613
32.2826
34.4288
36.7051
39.1172
41.6704
44.3706
47.2232
50.2341
53.4091
56.7538
60.2741
63.9758
67.8647
71.9467
76.2274
80.7126
85.408
90.3191
95.4514
100.81
106.401
112.229
118.298
124.614
131.18
138
145.079
152.419
160.023
167.893
176.031
184.437
193.111
202.052
211.259
220.728
230.455
240.434
250.659
261.121
271.811
282.716
293.824
305.12
316.588
328.21
339.966
351.835
363.797
375.827
387.903
400

0
0.245244
0.491077
0.737805
0.985747
1.23524
1.48663
1.74032
1.99671
2.25627
2.5195
2.78697
3.05932
3.33727
3.62165
3.91337
4.2135
4.52322
4.84386
5.1769
5.52402
5.88704
6.26796
6.66899
7.09249
7.54101
8.01728
8.52419
9.06481
9.64236
10.2602
10.9219
11.631
12.3913
13.2068
14.0814
15.0193
16.0248
17.1022
18.2559
19.4905
20.8107
22.2212
23.7269
25.3328
27.0439
28.8653
30.8022
32.8599
35.0438
37.3594
39.812
42.4074
45.151
48.0485
51.1057
54.3281
57.7216
61.2918
65.0445
68.9852
73.1197
77.4536
81.9923
86.7414
91.706
96.8915
102.303
107.945
113.822
119.939
126.3
132.909
139.769
146.883
154.254
161.883
169.773
177.924
186.335
195.008
203.939
213.126
222.566
232.253
242.183
252.347
262.737
273.343
284.153
295.156
306.335
317.676
329.162
340.773
352.49
364.294
376.161
388.071
400

0
0.24242
0.485461
0.72946
0.974764
1.22174
1.47079
1.72233
1.97682
2.23477
2.49674
2.76336
3.03532
3.31342
3.59853
3.89164
4.19387
4.50645
4.83077
5.16837
5.52093
5.89033
6.27859
6.68792
7.1207
7.57947
8.06696
8.58606
9.13981
9.73144
10.3643
11.0419
11.7678
12.546
13.3801
14.2744
15.2329
16.2599
17.3598
18.537
19.7962
21.1421
22.5794
24.1131
25.7481
27.4895
29.3424
31.3121
33.404
35.6233
37.9756
40.4663
43.101
45.8852
48.8246
51.9249
55.1916
58.6303
62.2468
66.0467
70.0354
74.2184
78.6013
83.1892
87.9875
93.0011
98.235
103.694
109.383
115.305
121.465
127.867
134.513
141.408
148.553
155.95
163.601
171.506
179.667
188.082
196.751
205.67
214.837
224.248
233.898
243.779
253.886
264.208
274.737
285.46
296.364
307.437
318.662
330.024
341.503
353.083
364.743
376.463
388.223
400

0
0.239872
0.4804
0.721947
0.964894
1.20964
1.45661
1.70628
1.95913
2.21573
2.47669
2.74268
3.01445
3.29284
3.57879
3.87335
4.17767
4.49305
4.82091
5.16284
5.52056
5.89595
6.29108
6.70816
7.14957
7.61788
8.1158
8.64623
9.21219
9.81691
10.4637
11.1562
11.8978
12.6925
13.5442
14.4568
15.4345
16.4817
17.6027
18.802
20.0843
21.4542
22.9167
24.4765
26.1388
27.9086
29.7911
31.7915
33.9153
36.1677
38.5543
41.0805
43.7519
46.574
49.5523
52.6926
56.0004
59.4812
63.1405
66.984
71.0169
75.2447
79.6725
84.3056
89.1489
94.2072
99.4853
104.988
110.718
116.681
122.88
129.318
135.998
142.923
150.095
157.514
165.184
173.102
181.27
189.687
198.349
207.256
216.403
225.786
235.399
245.236
255.288
265.548
276.004
286.646
297.461
308.436
319.555
330.804
342.164
353.619
365.149
376.736
388.36
400

0
0.237585
0.47586
0.715216
0.956062
1.19883
1.44398
1.69202
1.94348
2.19895
2.4591
2.72463
2.99636
3.27517
3.56204
3.85807
4.16446
4.48255
4.81381
5.15984
5.52241
5.90342
6.30496
6.72926
7.17871
7.65588
8.16348
8.70441
9.28172
9.89859
10.5584
11.2646
12.0209
12.831
13.6989
14.6287
15.6244
16.6904
17.8311
19.051
20.3548
21.7473
23.2332
24.8175
26.5053
28.3016
30.2117
32.2408
34.3944
36.6777
39.0962
41.6554
44.3609
47.2181
50.2326
53.41
56.7558
60.2754
63.9743
67.8579
71.9315
76.2003
80.6695
85.3438
90.2283
95.3273
100.645
106.187
111.955
117.955
124.188
130.659
137.369
144.32
151.515
158.955
166.639
174.568
182.741
191.157
199.813
208.707
217.834
227.189
236.768
246.562
256.564
266.765
277.155
287.722
298.455
309.341
320.364
331.51
342.762
354.103
365.516
376.982
388.483
400

0
0.235543
0.471807
0.709213
0.948198
1.18922
1.43279
1.67941
1.92968
2.18423
2.44374
2.70898
2.98079
3.2601
3.54794
3.84544
4.15385
4.47455
4.80903
5.15893
5.52605
5.91232
6.31984
6.75084
7.20775
7.69313
8.20971
8.76037
9.34817
9.9763
10.6481
11.3671
12.137
12.9614
13.8445
14.7901
15.8025
16.886
18.0451
19.2842
20.6081
22.0215
23.5293
25.1364
26.8479
28.6689
30.6047
32.6605
34.8417
37.1536
39.6018
42.1916
44.9287
47.8184
50.8664
54.078
57.4588
61.0142
64.7495
68.67
72.781
77.0874
81.5942
86.3063
91.2281
96.3642
101.719
107.295
113.098
119.13
125.395
131.894
138.63
145.605
152.82
160.276
167.973
175.911
184.087
192.501
201.15
210.03
219.138
228.467
238.013
247.767
257.722
267.869
278.197
288.697
299.355
310.159
321.094
332.147
343.301
354.54
365.847
377.204
388.595
400

0
0.233728
0.468208
0.703887
0.941231
1.18073
1.42291
1.66832
1.91759
2.17137
2.4304
2.69546
2.96745
3.24733
3.53617
3.83512
4.14549
4.46867
4.80619
5.15974
5.53112
5.92228
6.33534
6.77257
7.23638
7.72934
8.25421
8.81386
9.41135
10.0499
10.7328
11.4636
12.246
13.0838
13.9808
14.9411
15.969
17.0688
18.2449
19.5018
20.8443
22.2771
23.8052
25.4334
27.1669
29.0108
30.9704
33.0509
35.2577
37.5961
40.0717
42.6898
45.456
48.3757
51.4545
54.6976
58.1106
61.6988
65.4675
69.4218
73.5669
77.9076
82.4488
87.1952
92.151
97.3206
102.708
108.317
114.15
120.211
126.503
133.028
139.787
146.783
154.016
161.486
169.193
177.137
185.315
193.727
202.368
211.235
220.323
229.628
239.142
248.859
258.771
268.868
279.14
289.577
300.167
310.897
321.753
332.722
343.787
354.933
366.145
377.404
388.695
400

0
0.232123
0.465029
0.699188
0.935092
1.17326
1.41424
1.65862
1.90704
2.16021
2.41888
2.68387
2.95612
3.2366
3.52643
3.82681
4.13905
4.46459
4.80498
5.16193
5.53726
5.93297
6.35117
6.79413
7.26431
7.76427
8.29676
8.86469
9.4711
10.1192
10.8124
11.5541
12.348
13.198
14.1079
15.0818
16.124
17.2388
18.4305
19.7039
21.0636
22.5144
24.0612
25.7089
27.4627
29.3278
31.3093
33.4125
35.6429
38.0058
40.5065
43.1507
45.9437
48.8909
51.9978
55.2699
58.7124
62.3306
66.1297
70.1148
74.2909
78.6629
83.2353
88.0126
92.9992
98.199
103.616
109.253
115.114
121.202
127.518
134.065
140.845
147.859
155.106
162.588
170.304
178.253
186.432
194.84
203.473
212.327
221.398
230.679
240.164
249.847
259.718
269.77
279.991
290.371
300.899
311.562
322.346
333.238
344.224
355.287
366.412
377.584
388.786
400

0
0.230714
0.462238
0.695067
0.929716
1.16673
1.40668
1.65018
1.89791
2.15059
2.409
2.67401
2.94656
3.22768
3.5185
3.82024
4.13426
4.46201
4.80509
5.1652
5.5442
5.9441
6.36702
6.81527
7.29129
7.79767
8.33716
8.91267
9.52726
10.1841
10.8867
11.6384
12.4429
13.3041
14.2258
15.2122
16.2675
17.3961
18.6023
19.8908
21.2662
22.7335
24.2975
25.9632
27.7356
29.6201
31.6217
33.7458
35.9978
38.383
40.9069
43.5748
46.3923
49.3646
52.4973
55.7957
59.265
62.9105
66.7373
70.7504
74.9547
79.3548
83.9554
88.7607
93.7749
99.0019
104.445
110.108
115.994
122.104
128.442
135.009
141.807
148.836
156.097
163.589
171.312
179.264
187.444
195.847
204.472
213.314
222.367
231.627
241.085
250.736
260.571
270.581
280.755
291.084
301.556
312.158
322.878
333.702
344.615
355.604
366.652
377.745
388.866
400

0
0.229485
0.459806
0.69148
0.925044
1.16106
1.40013
1.6429
1.89006
2.14235
2.4006
2.66569
2.93858
3.22034
3.51212
3.81517
4.13087
4.46069
4.80625
5.16929
5.55167
5.95541
6.38267
6.83576
7.31711
7.82935
8.37523
8.95766
9.5797
10.2446
10.9557
11.7165
12.5307
13.4021
14.3346
15.3324
16.3997
17.5408
18.7602
20.0625
21.4524
22.9347
24.5144
26.1964
27.9859
29.888
31.908
34.0512
36.3229
38.7284
41.2733
43.9629
46.8025
49.7977
52.9538
56.276
59.7696
63.4398
67.2916
71.3299
75.5595
79.985
84.6109
89.4414
94.4803
99.7316
105.198
110.884
116.791
122.923
129.28
135.864
142.678
149.72
156.992
164.493
172.221
180.176
188.355
196.754
205.371
214.201
223.238
232.477
241.912
251.534
261.335
271.307
281.439
291.722
302.143
312.691
323.352
334.115
344.964
355.886
366.866
377.888
388.938
400

0
0.228423
0.457705
0.688384
0.921017
1.15619
1.39452
1.63668
1.88338
2.13538
2.39353
2.65875
2.93201
3.2144
3.50711
3.81139
4.12866
4.4604
4.80825
5.17397
5.55944
5.96669
6.3979
6.85537
7.34158
7.85913
8.4108
8.9995
9.6283
10.3004
11.0193
11.7883
12.6113
13.4919
14.4343
15.4424
16.5205
17.673
18.9044
20.2192
21.6221
23.1181
24.712
26.4089
28.2138
30.132
32.1686
34.329
36.6185
39.0424
41.6063
44.3154
47.1751
50.1909
53.368
56.7116
60.2271
63.9194
67.7937
71.8546
76.1069
80.5551
85.2036
90.0564
95.1174
100.39
105.878
111.584
117.51
123.659
130.033
136.633
143.46
150.514
157.795
165.303
173.036
180.993
189.17
197.565
206.174
214.993
224.016
233.236
242.648
252.244
262.015
271.953
282.048
292.289
302.665
313.164
323.774
334.482
345.274
356.137
367.056
378.016
389.002
400

0
0.227514
0.45591
0.685741
0.917586
1.15205
1.38976
1.63142
1.87775
2.12955
2.38767
2.65304
2.92669
3.2097
3.50328
3.80872
4.12743
4.46093
4.81088
5.17904
5.56731
5.97774
6.41251
6.87395
7.36452
7.88686
8.44374
9.03808
9.67295
10.3516
11.0774
11.8539
12.6847
13.5737
14.5249
15.5423
16.6301
17.7929
19.035
20.361
21.7758
23.284
24.8907
26.6009
28.4197
30.3522
32.4038
34.5796
36.8851
39.3255
41.9063
44.6329
47.5106
50.5447
53.7406
57.1034
60.6384
64.3505
68.2446
72.3256
76.5981
81.0664
85.7349
90.6075
95.688
100.98
106.486
112.209
118.153
124.318
130.706
137.319
144.157
151.221
158.51
166.024
173.761
181.718
189.894
198.285
206.887
215.695
224.704
233.908
243.3
252.872
262.617
272.524
282.585
292.789
303.125
313.581
324.146
334.805
345.547
356.358
367.223
378.128
389.058
400

0
0.226748
0.454397
0.683518
0.914703
1.14857
1.38579
1.62704
1.87309
2.12475
2.38288
2.64845
2.92247
3.20608
3.50047
3.80697
4.12701
4.46212
4.81396
5.18431
5.5751
5.98838
6.42634
6.89132
7.3858
7.91241
8.47392
9.07328
9.71357
10.398
11.13
11.9131
12.7509
13.6473
14.6063
15.632
16.7286
17.9004
19.1521
20.4881
21.9133
23.4325
25.0506
26.7726
28.6037
30.549
32.6138
34.8034
37.123
39.5781
42.1739
44.916
47.8096
50.86
54.0724
57.4522
61.0043
64.7337
68.6454
72.7441
77.0343
81.5203
86.2063
91.0962
96.1936
101.502
107.024
112.763
118.721
124.899
131.3
137.924
144.773
151.845
159.141
166.659
174.399
182.357
190.531
198.918
207.513
216.312
225.309
234.498
243.871
253.423
263.143
273.024
283.055
293.226
303.527
313.946
324.47
335.088
345.786
356.551
367.369
378.226
389.107
400

0
0.226114
0.453146
0.681681
0.912328
1.14572
1.38253
1.62348
1.86932
2.12089
2.37908
2.64485
2.91925
3.20341
3.49856
3.80603
4.12726
4.46381
4.81734
5.18965
5.58268
5.99848
6.43926
6.90736
7.40528
7.93564
8.50125
9.10503
9.75007
10.4396
11.1771
11.9659
12.8099
13.7129
14.6787
15.7117
16.8159
17.9957
19.2558
20.6006
22.035
23.5638
25.1918
26.9243
28.7661
30.7226
32.799
35.0006
37.3326
39.8005
42.4095
45.1651
48.0725
51.137
54.364
57.7584
61.3255
65.0701
68.997
73.111
77.4165
81.9178
86.6189
91.5238
96.6359
101.958
107.494
113.246
119.217
125.407
131.818
138.452
145.309
152.388
159.689
167.212
174.953
182.912
191.084
199.467
208.056
216.846
225.832
235.008
244.366
253.899
263.598
273.455
283.461
293.604
303.874
314.26
324.75
335.331
345.991
356.717
367.494
378.31
389.15
400

0
0.225603
0.452139
0.680206
0.910424
1.14344
1.37994
1.62065
1.86636
2.11789
2.37616
2.64215
2.9169
3.20158
3.49742
3.80576
4.12805
4.46587
4.82089
5.19492
5.5899
6.0079
6.45113
6.92195
7.42285
7.95648
8.52562
9.13323
9.78239
10.4763
11.2185
12.0124
12.8617
13.7703
14.7421
15.7813
16.8921
18.0789
19.3462
20.6986
22.1409
23.6779
25.3146
27.056
28.9071
30.8733
32.9596
35.1715
37.5142
39.993
42.6134
45.3805
48.2998
51.3765
54.6158
58.0229
61.6027
65.3602
69.3001
73.4272
77.7457
82.26
86.974
91.8915
97.016
102.351
107.898
113.661
119.642
125.842
132.262
138.904
145.767
152.852
160.158
167.684
175.427
183.385
191.556
199.935
208.519
217.302
226.278
235.442
244.786
254.304
263.985
273.822
283.806
293.925
304.169
314.527
324.988
335.538
346.166
356.858
367.601
378.381
389.186
400

0
0.225208
0.451361
0.679068
0.90896
1.1417
1.37797
1.61852
1.86415
2.11569
2.37406
2.64026
2.91535
3.2005
3.49695
3.80606
4.12928
4.4682
4.8245
5.2
5.59665
6.01653
6.46186
6.93499
7.43843
7.97482
8.54697
9.15782
9.81046
10.5082
11.2543
12.0524
12.9062
13.8196
14.7964
15.8409
16.9572
18.1499
19.4233
20.7821
22.2311
23.775
25.419
27.1679
29.0269
31.0011
33.0959
35.3164
37.668
40.1561
42.7859
45.5627
48.492
51.5788
54.8285
58.246
61.8365
65.6047
69.5555
73.6933
78.0227
82.5478
87.2724
92.2004
97.3351
102.68
108.237
114.009
119.998
126.206
132.634
139.282
146.151
153.24
160.55
168.077
175.822
183.78
191.949
200.325
208.904
217.68
226.649
235.803
245.136
254.64
264.306
274.127
284.092
294.191
304.413
314.749
325.185
335.709
346.31
356.974
367.689
378.44
389.215
400

0
0.224921
0.450798
0.678249
0.907911
1.14045
1.37658
1.61704
1.86263
2.11421
2.37271
2.63912
2.91452
3.20009
3.49707
3.80684
4.13085
4.4707
4.82808
5.20482
5.60286
6.0243
6.47136
6.9464
7.45193
7.99061
8.56522
9.17874
9.83425
10.535
11.2844
12.086
12.9435
13.8607
14.8417
15.8905
17.0114
18.2088
19.4872
20.8512
22.3056
23.8553
25.5051
27.2601
29.1255
31.1063
33.2079
35.4354
37.7943
40.2898
42.9273
45.712
48.6492
51.7443
55.0022
58.4282
62.0272
65.8041
69.7636
73.9101
78.2482
82.7818
87.515
92.4513
97.5942
102.947
108.511
114.291
120.287
126.501
132.934
139.587
146.461
153.554
160.866
168.395
176.14
184.098
192.265
200.639
209.214
217.985
226.947
236.093
245.416
254.909
264.564
274.371
284.321
294.404
304.609
314.926
325.342
335.846
346.426
357.068
367.759
378.488
389.239
400

0
0.224739
0.450441
0.677731
0.907256
1.13969
1.37574
1.61617
1.86177
2.11343
2.37206
2.63867
2.91436
3.20028
3.49772
3.80803
4.1327
4.4733
4.83156
5.20928
5.60844
6.03113
6.47956
6.95612
7.4633
8.00377
8.58034
9.19594
9.8537
10.5569
11.3088
12.1131
12.9735
13.8938
14.8779
15.9301
17.0545
18.2556
19.5379
20.906
22.3646
23.9186
25.573
27.3328
29.2031
31.189
33.2958
35.5288
37.8932
40.3944
43.0377
45.8285
48.7718
51.8731
55.1374
58.5699
62.1754
65.9588
69.9249
74.078
78.4226
82.9627
87.7023
92.6449
97.7939
103.152
108.723
114.507
120.508
126.727
133.164
139.821
146.698
153.793
161.107
168.638
176.383
184.34
192.507
200.878
209.449
218.216
227.173
236.313
245.629
255.114
264.76
274.556
284.495
294.565
304.758
315.06
325.462
335.95
346.513
357.138
367.813
378.524
389.257
400

0
0.224656
0.450281
0.677505
0.906978
1.13938
1.37543
1.61588
1.86154
2.1133
2.37207
2.63888
2.91481
3.20104
3.49884
3.80959
4.13477
4.47596
4.83487
5.21335
5.61335
6.03696
6.48641
6.96409
7.47249
8.01428
8.59226
9.20939
9.86878
10.5737
11.3275
12.1338
12.9962
13.9187
14.9051
15.9597
17.0867
18.2904
19.5755
20.9464
22.4081
23.9652
25.6228
27.386
29.2597
31.2492
33.3597
35.5965
37.9648
40.47
43.1174
45.9123
48.86
51.9656
55.2343
58.6712
62.2812
66.0692
70.0397
74.1973
78.5464
83.091
87.8349
92.7817
97.9348
103.297
108.871
114.659
120.664
126.885
133.326
139.985
146.863
153.961
161.275
168.807
176.552
184.509
192.674
201.043
209.613
218.377
227.33
236.465
245.777
255.256
264.894
274.684
284.615
294.677
304.86
315.152
325.544
336.021
346.573
357.187
367.85
378.548
389.269
400

0
0.22467
0.450312
0.677561
0.907067
1.13951
1.37562
1.61615
1.86192
2.11379
2.37272
2.6397
2.91584
3.20232
3.50041
3.81148
4.13702
4.47862
4.838
5.21698
5.61753
6.04176
6.49188
6.97027
7.47945
8.02208
8.60096
9.21906
9.87947
10.5854
11.3404
12.1479
13.0116
13.9354
14.9233
15.9793
17.1078
18.3132
19.5999
20.9726
22.436
23.995
25.6546
27.4197
29.2954
31.287
33.3996
35.6386
38.0092
40.5167
43.1665
45.9638
48.9138
52.0219
55.293
58.7324
62.3449
66.1353
70.1083
74.2684
78.6198
83.1667
87.9129
92.862
98.0172
103.382
108.958
114.748
120.754
126.977
133.418
140.079
146.958
154.056
161.371
168.902
176.648
184.604
192.768
201.137
209.704
218.467
227.417
236.55
245.859
255.334
264.969
274.755
284.681
294.738
304.916
315.203
325.589
336.061
346.606
357.214
367.87
378.562
389.276
400

0
0.224779
0.450533
0.677894
0.907518
1.14009
1.37632
1.61698
1.86288
2.1149
2.37398
2.64113
2.91745
3.20411
3.50239
3.81368
4.13944
4.48127
4.8409
5.22014
5.62098
6.0455
6.49593
6.97465
7.48418
8.02717
8.60643
9.22492
9.88574
10.5922
11.3476
12.1555
13.0197
13.944
14.9324
15.9889
17.118
18.3239
19.6111
20.9844
22.4484
24.008
25.6682
27.4339
29.3102
31.3024
33.4157
35.6552
38.0264
40.5345
43.1848
45.9827
48.9333
52.0419
55.3136
58.7534
62.3664
66.1572
70.1306
74.2911
78.6429
83.1902
87.9367
92.886
98.0414
103.406
108.982
114.772
120.778
127.001
133.443
140.103
146.982
154.079
161.394
168.925
176.67
184.626
192.79
201.157
209.725
218.486
227.436
236.568
245.876
255.35
264.984
274.769
284.694
294.75
304.927
315.213
325.597
336.068
346.613
357.219
367.874
378.564
389.277
400

0
0.224984
0.450942
0.678505
0.908328
1.14109
1.37751
1.61836
1.86444
2.11663
2.37587
2.64317
2.91962
3.2064
3.5048
3.81617
4.14201
4.48391
4.84357
5.22284
5.62368
6.04817
6.49856
6.97722
7.48665
8.02952
8.60864
9.22696
9.88758
10.5938
11.3489
12.1566
13.0205
13.9444
14.9324
15.9885
17.1171
18.3225
19.6092
20.9819
22.4453
24.0042
25.6636
27.4285
29.3041
31.2954
33.4077
35.6462
38.0164
40.5234
43.1725
45.9691
48.9184
52.0256
55.2959
58.7343
62.3457
66.135
70.1068
74.2656
78.6157
83.1612
87.906
92.8535
98.0072
103.37
108.944
114.733
120.737
126.959
133.399
140.057
146.935
154.032
161.345
168.876
176.62
184.575
192.738
201.106
209.673
218.435
227.386
236.519
245.828
255.304
264.94
274.726
284.654
294.713
304.893
315.182
325.57
336.044
346.592
357.202
367.861
378.556
389.273
400

0
0.225285
0.451541
0.679397
0.909502
1.14254
1.37922
1.6203
1.8666
2.11898
2.37838
2.64581
2.92237
3.20921
3.50763
3.81898
4.14476
4.48653
4.84603
5.22508
5.62563
6.04979
6.49978
6.97797
7.48687
8.02915
8.6076
9.22518
9.88499
10.5903
11.3445
12.1511
13.0139
13.9366
14.9233
15.9781
17.1052
18.309
19.5941
20.965
22.4266
23.9835
25.6409
27.4036
29.2769
31.2658
33.3756
35.6116
37.979
40.4832
43.1294
45.9229
48.8691
51.973
55.2399
58.6749
62.2827
66.0684
70.0365
74.1916
78.5379
83.0797
87.8206
92.7644
97.9143
103.273
108.844
114.629
120.63
126.849
133.286
139.942
146.817
153.911
161.224
168.752
176.496
184.45
192.614
200.982
209.55
218.314
227.267
236.403
245.715
255.195
264.835
274.627
284.561
294.626
304.812
315.109
325.505
335.987
346.544
357.164
367.832
378.536
389.263
400

0
0.225685
0.452335
0.680575
0.91105
1.14443
1.38144
1.62281
1.86937
2.12197
2.38154
2.6491
2.92571
3.21256
3.51091
3.82213
4.14769
4.48918
4.8483
5.22688
5.62687
6.05037
6.4996
6.97693
7.48486
8.02605
8.60331
9.21958
9.87797
10.5817
11.3342
12.1391
12.9999
13.9206
14.9051
15.9575
17.0822
18.2834
19.5657
20.9337
22.3922
23.9459
25.5999
27.3591
29.2286
31.2137
33.3194
35.5512
37.9142
40.4138
43.0553
45.8439
48.785
51.8838
55.1454
58.5748
62.1772
65.9571
69.9195
74.0688
78.4093
82.9451
87.6802
92.6182
97.7624
103.116
108.681
114.461
120.457
126.671
133.103
139.756
146.627
153.719
161.028
168.555
176.297
184.251
192.415
200.784
209.355
218.121
227.077
236.218
245.535
255.022
264.67
274.47
284.413
294.488
304.686
314.994
325.403
335.898
346.469
357.103
367.786
378.505
389.248
400

0
0.226187
0.453331
0.682051
0.912984
1.1468
1.3842
1.62593
1.87278
2.12563
2.38539
2.65305
2.9297
3.21649
3.5147
3.82567
4.15087
4.49189
4.85042
5.22829
5.62744
6.04996
6.49806
6.97412
7.48064
8.02026
8.59579
9.21018
9.86651
10.568
11.3182
12.1204
12.9785
13.8963
14.8777
15.9268
17.048
18.2455
19.5239
20.8878
22.342
23.8912
25.5405
27.2947
29.1591
31.1387
33.2389
35.4648
37.8217
40.315
42.95
45.7319
48.6661
51.7577
55.012
58.434
62.0286
65.8009
69.7554
73.8967
78.2292
82.7571
87.4842
92.4144
97.5508
102.897
108.455
114.227
120.217
126.424
132.851
139.498
146.365
153.452
160.758
168.283
176.023
183.977
192.141
200.512
209.085
217.855
226.817
235.963
245.288
254.784
264.442
274.254
284.209
294.299
304.512
314.837
325.262
335.776
346.366
357.019
367.723
378.463
389.227
400

0
0.226795
0.454539
0.683839
0.915324
1.14965
1.38752
1.62967
1.87688
2.13
2.38995
2.65772
2.93437
3.22105
3.51903
3.82964
4.15435
4.49472
4.85246
5.22936
5.62738
6.0486
6.49522
6.9696
7.47425
8.01181
8.58508
9.19699
9.85064
10.5493
11.2963
12.0952
12.9497
13.8637
14.841
15.8859
17.0026
18.1953
19.4687
20.8274
22.276
23.8194
25.4625
27.2104
29.0681
31.0409
33.1338
35.3522
37.7013
40.1865
42.8132
45.5865
48.5118
51.5943
54.8393
58.2517
61.8367
65.599
69.5435
73.6748
77.9972
82.5149
87.2319
92.152
97.2786
102.615
108.164
113.927
119.908
126.107
132.527
139.167
146.028
153.11
160.412
167.934
175.672
183.625
191.79
200.163
208.739
217.514
226.482
235.637
244.972
254.479
264.151
273.977
283.949
294.056
304.289
314.634
325.082
335.619
346.234
356.912
367.642
378.409
389.199
400

0
0.227517
0.45597
0.685956
0.918094
1.15303
1.39145
1.63408
1.8817
2.13514
2.39531
2.66317
2.9398
3.22632
3.52399
3.83413
4.1582
4.49776
4.85448
5.23018
5.62678
6.04636
6.49113
6.96343
7.46576
8.00075
8.5712
9.18004
9.83037
10.5254
11.2686
12.0634
12.9135
13.8228
14.7952
15.8348
16.9458
18.1328
19.4
20.7521
22.1939
23.7302
25.3659
27.106
28.9556
30.9198
33.0039
35.2131
37.5527
40.0281
42.6446
45.4074
48.3219
51.3933
54.6269
58.0277
61.6008
65.3511
69.2834
73.4023
77.7123
82.2176
86.9224
91.8303
96.9448
102.269
107.807
113.559
119.529
125.719
132.129
138.761
145.615
152.691
159.988
167.506
175.242
183.194
191.359
199.735
208.315
217.096
226.072
235.237
244.584
254.106
263.793
273.637
283.629
293.759
304.015
314.386
324.861
335.427
346.072
356.781
367.543
378.342
389.166
400

0
0.228358
0.457638
0.688424
0.921323
1.15697
1.39603
1.63922
1.8873
2.14111
2.40151
2.66948
2.94606
3.23238
3.52966
3.83923
4.16252
4.50109
4.85659
5.23083
5.62573
6.04335
6.48588
6.95568
7.45522
7.98714
8.55422
9.15939
9.80574
10.4965
11.235
12.0249
12.8698
13.7735
14.7399
15.7733
16.8778
18.0577
19.3176
20.662
22.0958
23.6236
25.2504
26.9812
28.8211
30.7753
32.8489
35.0473
37.3756
39.8393
42.4437
45.1941
48.0958
51.154
54.3741
57.7611
61.3202
65.0562
68.9741
73.0784
77.3737
81.8644
86.5545
91.4479
96.5482
101.859
107.382
113.122
119.08
125.258
131.657
138.279
145.124
152.193
159.484
166.997
174.73
182.681
190.847
199.225
207.81
216.599
225.584
234.761
244.122
253.66
263.366
273.232
283.248
293.404
303.688
314.09
324.598
335.198
345.878
356.624
367.424
378.263
389.126
400

0
0.229329
0.459562
0.69127
0.925044
1.1615
1.4013
1.64514
1.89376
2.14798
2.40865
2.67674
2.95326
3.23933
3.53616
3.84506
4.16744
4.50484
4.85891
5.23144
5.62434
6.03966
6.47958
6.94645
7.44273
7.97105
8.53419
9.13507
9.77678
10.4625
11.1957
11.9798
12.8186
13.7158
14.6754
15.7014
16.7982
17.97
19.2214
20.5569
21.9812
23.4992
25.1158
26.8359
28.6646
30.6071
32.6686
34.8544
37.1696
39.6198
42.2102
44.9462
47.833
50.876
54.0804
57.4515
60.9942
64.7137
68.6148
72.7021
76.9804
81.454
86.1271
91.0037
96.0873
101.382
106.889
112.614
118.557
124.721
131.108
137.718
144.553
151.613
158.897
166.404
174.134
182.083
190.25
198.631
207.222
216.018
225.015
234.205
243.583
253.14
262.868
272.759
282.803
292.989
303.306
313.744
324.289
334.929
345.651
356.441
367.285
378.17
389.079
400

0
0.230437
0.461759
0.694521
0.929297
1.16669
1.40733
1.65191
1.90115
2.15584
2.41683
2.68505
2.96151
3.2473
3.54361
3.85173
4.17307
4.50914
4.86157
5.23214
5.62275
6.03543
6.47235
6.93585
7.42839
7.95258
8.5112
9.10716
9.74355
10.4236
11.1506
11.9282
12.7599
13.6497
14.6014
15.6191
16.7071
17.8697
19.1113
20.4366
21.8502
23.357
24.9618
26.6697
28.4857
30.4149
32.4625
34.6339
36.9343
39.3691
41.9435
44.663
47.5329
50.5585
53.7451
57.0979
60.622
64.3226
68.2044
72.2725
76.5312
80.9853
85.6389
90.4961
95.5606
100.836
106.326
112.033
117.959
124.108
130.48
137.077
143.899
150.949
158.224
165.725
173.45
181.397
189.565
197.949
206.546
215.351
224.36
233.566
242.962
252.541
262.295
272.214
282.289
292.511
302.866
313.344
323.933
334.619
345.389
356.229
367.125
378.062
389.025
400

0
0.231695
0.464254
0.698212
0.934126
1.17258
1.41419
1.65961
1.90956
2.16479
2.42616
2.69454
2.97094
3.25643
3.55216
3.85942
4.17958
4.51415
4.86474
5.2331
5.62111
6.0308
6.46434
6.92402
7.41232
7.93184
8.48534
9.07574
9.7061
10.3796
11.0997
11.8698
12.6937
13.575
14.5178
15.5262
16.6043
17.7564
18.9871
20.3009
21.7025
23.1966
24.7883
26.4824
28.284
30.1982
32.2304
34.3856
36.6692
39.0866
41.6431
44.3441
47.1949
50.2009
53.3674
56.6996
60.2027
63.8818
67.742
71.7881
76.0248
80.4568
85.0882
89.9235
94.9664
100.221
105.69
111.376
117.284
123.414
129.769
136.351
143.16
150.197
157.462
164.955
172.675
180.62
188.787
197.175
205.778
214.594
223.616
232.838
242.255
251.859
261.641
271.593
281.704
291.965
302.364
312.889
323.527
334.265
345.09
355.988
366.942
377.939
388.964
400

0
0.233114
0.467069
0.702379
0.939581
1.17924
1.42194
1.66832
1.91908
2.17496
2.43675
2.70535
2.9817
3.26687
3.56198
3.86829
4.18716
4.52006
4.8686
5.23449
5.61961
6.02596
6.4557
6.91112
7.39467
7.90896
8.45673
9.04089
9.66451
10.3308
11.0431
11.8049
12.6199
13.4919
14.4248
15.4226
16.4897
17.6302
18.8487
20.1496
21.5378
23.0179
24.5949
26.2736
28.0593
29.9569
31.9717
34.1089
36.3739
38.7719
41.3084
43.9887
46.8183
49.8023
52.9463
56.2555
59.7352
63.3904
67.2263
71.2479
75.4598
79.8669
84.4736
89.2841
94.3025
99.5328
104.978
110.642
116.528
122.638
128.973
135.537
142.33
149.354
156.607
164.091
171.805
179.746
187.914
196.304
204.915
213.74
222.777
232.019
241.459
251.09
260.904
270.891
281.043
291.349
301.796
312.373
323.067
333.865
344.752
355.714
366.735
377.8
388.894
400

0
0.234708
0.470231
0.707063
0.945715
1.18673
1.43067
1.67816
1.92984
2.18645
2.44876
2.71762
2.99396
3.2788
3.57326
3.87855
4.19601
4.52709
4.87336
5.23653
5.61845
6.02111
6.44664
6.89733
7.37562
7.88409
8.4255
9.00274
9.61887
10.2771
10.9808
11.7334
12.5386
13.4002
14.3221
15.3083
16.3631
17.4908
18.6958
19.9826
21.356
22.8206
24.3813
26.0432
27.8111
29.6904
31.686
33.8034
36.0477
38.4244
40.9388
43.5963
46.4022
49.3621
52.4812
55.7649
59.2185
62.8472
66.6561
70.6503
74.8347
79.2141
83.793
88.576
93.5671
98.7704
104.19
109.828
115.689
121.776
128.09
134.633
141.408
148.416
155.656
163.129
170.835
178.772
186.938
195.332
203.949
212.786
221.839
231.101
240.566
250.227
260.076
270.104
280.301
290.656
301.157
311.793
322.55
333.414
344.371
355.405
366.501
377.644
388.815
400

0
0.23649
0.473769
0.712305
0.952587
1.19513
1.44047
1.68921
1.94196
2.19942
2.46234
2.73153
3.0079
3.29244
3.58622
3.89043
4.20637
4.53548
4.87928
5.23948
5.61789
6.01649
6.43739
6.88286
7.35534
7.85741
8.39179
8.9614
9.56927
10.2186
10.9128
11.6552
12.4497
13.2998
14.2097
15.1832
16.2246
17.3382
18.5283
19.7996
21.1567
22.6043
24.1473
25.7906
27.5392
29.3983
31.373
33.4686
35.6903
38.0435
40.5336
43.166
45.946
48.8792
51.9709
55.2266
58.6515
62.2509
66.03
69.994
74.148
78.4966
83.0448
87.7971
92.7578
97.9312
103.321
108.931
114.765
120.825
127.114
133.635
140.389
147.378
154.603
162.063
169.76
177.691
185.856
194.252
202.876
211.725
220.795
230.079
239.572
249.266
259.153
269.225
279.471
289.881
300.443
311.144
321.971
332.909
343.944
355.06
366.24
377.468
388.727
400

0
0.238477
0.477714
0.718154
0.960259
1.20452
1.45144
1.70159
1.95557
2.21402
2.47766
2.74729
3.02375
3.308
3.60109
3.90417
4.21851
4.54549
4.88664
5.24361
5.6182
6.01236
6.4282
6.86796
7.33407
7.82911
8.3558
8.91703
9.51585
10.1555
10.8392
11.5706
12.3532
13.1909
14.0875
15.0471
16.0738
17.172
18.3461
19.6004
20.9398
22.3689
23.8925
25.5156
27.2432
29.0803
31.0321
33.1039
35.3009
37.6285
40.0921
42.6971
45.4489
48.3529
51.4147
54.6395
58.0329
61.6002
65.3466
69.2775
73.3978
77.7127
82.2269
86.9453
91.8723
97.0124
102.37
107.948
113.751
119.782
126.043
132.538
139.269
146.237
153.444
160.889
168.575
176.499
184.661
193.059
201.69
210.551
219.638
228.946
238.468
248.198
258.127
268.248
278.549
289.019
299.648
310.421
321.326
332.346
343.468
354.674
365.948
377.272
388.629
400

0
0.240684
0.482097
0.724657
0.968798
1.21498
1.46368
1.71544
1.97081
2.23041
2.49492
2.76508
3.04172
3.32575
3.61816
3.92008
4.23273
4.55745
4.89575
5.24924
5.61969
6.00904
6.41936
6.8529
7.31207
7.79943
8.31771
8.8698
9.45873
10.0877
10.7601
11.4794
12.2491
13.0732
13.9555
14.8999
15.9108
16.9923
18.1488
19.3848
20.705
22.114
23.6166
25.2178
26.9225
28.7358
30.6629
32.7089
34.8791
37.179
39.6137
42.1889
44.9099
47.7822
50.8113
54.0027
57.3617
60.8939
64.6045
68.499
72.5826
76.8603
81.3372
86.0183
90.9081
96.0114
101.332
106.875
112.644
118.642
124.873
131.339
138.043
144.987
152.173
159.601
167.273
175.189
183.346
191.745
200.383
209.256
218.362
227.694
237.248
247.017
256.992
267.165
277.525
288.063
298.764
309.618
320.608
331.72
342.938
354.244
365.622
377.053
388.519
400

0
0.243127
0.486951
0.731864
0.978272
1.2266
1.47731
1.73088
1.98784
2.24878
2.51432
2.78516
3.06209
3.34596
3.63773
3.93847
4.24936
4.57172
4.90697
5.25673
5.62273
6.00687
6.41122
6.83801
7.28962
7.76863
8.27776
8.8199
9.39808
10.0155
10.6756
11.3817
12.1375
12.9468
13.8135
14.7416
15.7353
16.7987
17.9363
19.1525
20.4519
21.8393
23.3193
24.8968
26.5769
28.3645
30.2648
32.283
34.4243
36.6941
39.0977
41.6407
44.3284
47.1663
50.1599
53.3149
56.6366
60.1305
63.8022
67.6571
71.7004
75.9375
80.3735
85.0136
89.8627
94.9254
100.207
105.71
111.441
117.402
123.598
130.032
136.706
143.623
150.785
158.194
165.85
173.754
181.906
190.304
198.948
207.833
216.958
226.316
235.904
245.713
255.738
265.967
276.393
287.003
297.786
308.727
319.812
331.025
342.349
353.767
365.261
376.811
388.397
400

0
0.245822
0.49231
0.739827
0.98875
1.23947
1.49242
1.74804
2.00683
2.26931
2.53607
2.80777
3.08512
3.36894
3.66014
3.95971
4.2688
4.58867
4.92072
5.2665
5.62772
6.00626
6.40416
6.82363
7.26707
7.73702
8.23622
8.76756
9.33408
9.93899
10.5857
11.2775
12.0183
12.8117
13.6616
14.5721
15.5472
16.5912
17.7084
18.9033
20.1804
21.5445
23.0001
24.5523
26.2058
27.9658
29.8374
31.8256
33.9358
36.1733
38.5434
41.0516
43.7033
46.5041
49.4595
52.575
55.8563
59.3088
62.9382
66.7499
70.7495
74.9423
79.3337
83.929
88.7332
93.7514
98.9885
104.449
110.138
116.059
122.216
128.613
135.253
142.139
149.274
156.659
164.297
172.187
180.331
188.727
197.375
206.273
215.416
224.802
234.425
244.278
254.355
264.647
275.143
285.833
296.703
307.741
318.93
330.254
341.697
353.238
364.86
376.541
388.262
400

0
0.248786
0.498205
0.748594
1.0003
1.25369
1.50915
1.76708
2.02794
2.29221
2.56043
2.83318
3.11114
3.39505
3.68576
3.98421
4.29148
4.60878
4.93745
5.27901
5.63513
6.00766
6.39861
6.81019
7.24478
7.70493
8.19338
8.71303
9.26693
9.8583
10.4905
11.167
11.8915
12.6678
13.4996
14.3911
15.3463
16.3694
17.4648
18.6369
19.8901
21.2292
22.6588
24.1838
25.809
27.5394
29.3802
31.3363
33.4131
35.6159
37.95
40.4208
43.0339
45.7947
48.7089
51.782
55.0196
58.4273
62.0109
65.7759
69.728
73.8727
78.2154
82.7618
87.517
92.4865
97.6752
103.088
108.73
114.606
120.72
127.076
133.678
140.529
147.633
154.992
162.607
170.481
178.614
187.006
195.658
204.566
213.728
223.142
232.802
242.702
252.835
263.193
273.766
284.542
295.508
306.651
317.954
329.401
340.974
352.652
364.415
376.242
388.111
400

0
0.252032
0.504666
0.758214
1.01299
1.26934
1.5276
1.78814
2.05136
2.3177
2.58763
2.86169
3.14047
3.42465
3.715
4.01241
4.31787
4.63254
4.95769
5.2948
5.6455
6.01159
6.39508
6.79815
7.22319
7.67276
8.14959
8.65659
9.19686
9.77361
10.3902
11.0502
11.7572
12.515
13.3275
14.1986
15.1325
16.1333
17.2053
18.353
19.5808
20.8933
22.2951
23.791
25.386
27.0848
28.8927
30.8145
32.8557
35.0214
37.3169
39.7478
42.3194
45.0374
47.9072
50.9346
54.1252
57.4847
61.0189
64.7334
68.6341
72.7265
77.0164
81.5095
86.2113
91.1274
96.2632
101.624
107.215
113.041
119.107
125.417
131.976
138.788
145.856
153.183
160.773
168.627
176.746
185.132
193.784
202.702
211.883
221.324
231.023
240.972
251.165
261.594
272.249
283.118
294.189
305.447
316.876
328.458
340.174
352.002
363.922
375.911
387.945
400

0
0.255573
0.51172
0.768728
1.02689
1.2865
1.54788
1.81135
2.07726
2.34599
2.61795
2.89361
3.17348
3.45815
3.74834
4.04482
4.34853
4.66053
4.98204
5.31448
5.65942
6.01865
6.39413
6.78806
7.2028
7.64093
8.10521
8.59857
9.12412
9.68511
10.2849
10.9271
11.6154
12.3534
13.1451
13.9945
14.9056
15.8826
16.9298
18.0514
19.2521
20.5362
21.9085
23.3736
24.9363
26.6016
28.3744
30.2598
32.2629
34.389
36.6435
39.0316
41.559
44.2311
47.0535
50.0319
53.1721
56.4797
59.9607
63.6207
67.4658
71.5018
75.7344
80.1697
84.8133
89.6712
94.7489
100.052
105.587
111.358
117.37
123.63
130.141
136.908
143.935
151.227
158.786
166.615
174.717
183.093
191.744
200.669
209.868
219.338
229.075
239.075
249.332
259.836
270.58
281.55
292.735
304.119
315.685
327.415
339.288
351.283
363.377
375.544
387.761
400

0
0.259419
0.519388
0.78017
1.04203
1.30525
1.5701
1.83686
2.10583
2.37731
2.65167
2.92927
3.21055
3.49602
3.78627
4.082
4.38405
4.69339
5.01118
5.33873
5.6776
6.02951
6.39642
6.78051
7.18416
7.60996
8.06069
8.53932
9.049
9.59301
10.1748
10.7979
11.466
12.1829
12.9524
13.7785
14.6654
15.6171
16.6378
17.7319
18.9037
20.1578
21.4987
22.9311
24.4596
26.0893
27.8249
29.6716
31.6343
33.7184
35.9291
38.2718
40.7519
43.375
46.1467
49.0728
52.1589
55.4109
58.8347
62.4363
66.2215
70.1965
74.3672
78.7398
83.3202
88.1147
93.1291
98.3695
103.842
109.552
115.506
121.708
128.166
134.882
141.864
149.114
156.637
164.438
172.518
180.88
189.526
198.457
207.671
217.169
226.946
236.999
247.322
257.907
268.745
279.824
291.132
302.653
314.369
326.262
338.309
350.487
362.772
375.138
387.556
400

0
0.263576
0.527681
0.792564
1.05847
1.32565
1.59434
1.86478
2.13721
2.41188
2.68905
2.96902
3.25211
3.53873
3.82936
4.12459
4.42513
4.73187
5.04586
5.36835
5.70082
6.04496
6.4027
6.77622
7.16791
7.5804
8.0165
8.47924
8.97181
9.49753
10.0599
10.6625
11.309
12.0033
12.7492
13.5506
14.4117
15.3365
16.3291
17.394
18.5353
19.7576
21.0654
22.4631
23.9556
25.5475
27.2438
29.0494
30.9694
33.0089
35.1731
37.4675
39.8974
42.4684
45.1862
48.0563
51.0847
54.2772
57.6398
61.1785
64.8994
68.8087
72.9125
77.2173
81.7293
86.4548
91.4002
96.5719
101.976
107.619
113.508
119.647
126.044
132.704
139.633
146.836
154.318
162.084
170.137
178.481
187.118
196.051
205.279
214.803
224.62
234.727
245.119
255.789
266.728
277.924
289.365
301.035
312.916
324.986
337.224
349.605
362.102
374.687
387.329
400

0
0.268042
0.5366
0.805914
1.07622
1.34773
1.62067
1.89523
2.17158
2.44991
2.73039
3.01321
3.2986
3.58682
3.87822
4.17327
4.47255
4.77681
5.08699
5.40425
5.73
6.06588
6.41382
6.77597
7.15478
7.55289
7.97319
8.41877
8.89288
9.39892
9.94043
10.5211
11.1445
11.8147
12.5353
13.3105
14.1442
15.0405
16.0036
17.0375
18.1467
19.3354
20.6082
21.9694
23.4238
24.9759
26.6307
28.3929
30.2677
32.26
34.3751
36.6183
38.9949
41.5106
44.1709
46.9816
49.9485
53.0774
56.3745
59.8459
63.4978
67.3365
71.3684
75.5999
80.0378
84.6885
89.5588
94.6554
99.9851
105.555
111.371
117.441
123.77
130.367
137.236
144.385
151.819
159.543
167.563
175.883
184.507
193.438
202.676
212.224
222.08
232.242
242.706
253.465
264.511
275.833
287.418
299.249
311.309
323.575
336.023
348.627
361.359
374.186
387.078
400

0
0.272809
0.546131
0.820205
1.09526
1.37151
1.64912
1.92826
2.20905
2.49159
2.77595
3.06221
3.35047
3.64085
3.93354
4.22884
4.52717
4.82914
5.13556
5.44747
5.76619
6.09333
6.43077
6.7807
7.14559
7.52815
7.93136
8.35839
8.81257
9.29741
9.81651
10.3736
10.9724
11.6168
12.3107
13.058
13.8628
14.729
15.6607
16.6621
17.7374
18.8908
20.1267
21.4496
22.8638
24.3741
25.9851
27.7017
29.5288
31.4713
33.5345
35.7236
38.0439
40.501
43.1004
45.8478
48.7492
51.8105
55.0378
58.4372
62.0152
65.7782
69.7327
73.8854
78.2432
82.8129
87.6016
92.6165
97.8647
103.354
109.09
115.082
121.337
127.862
134.664
141.751
149.129
156.805
164.785
173.074
181.678
190.602
199.847
209.416
219.309
229.526
240.063
250.915
262.074
273.53
285.27
297.277
309.531
322.012
334.691
347.542
360.533
373.63
386.798
400

0
0.277858
0.556236
0.83539
1.11555
1.39693
1.67968
1.96391
2.24971
2.53707
2.82598
3.11638
3.40822
3.70144
3.99605
4.29216
4.59
4.88998
5.19275
5.49923
5.81063
6.12849
6.4547
6.79145
7.14128
7.50701
7.89169
8.29862
8.73128
9.19325
9.68826
10.2201
10.7926
11.4096
12.075
12.7929
13.567
14.4015
15.3003
16.2675
17.3072
18.4235
19.6208
20.9033
22.2755
23.7418
25.3069
26.9755
28.7524
30.6426
32.651
34.783
37.0438
39.4389
41.9739
44.6544
47.4863
50.4757
53.6286
56.9513
60.4503
64.1322
68.0036
72.0715
76.343
80.8252
85.5255
90.4515
95.6107
101.011
106.66
112.567
118.738
125.183
131.909
138.925
146.238
153.857
161.788
170.04
178.617
187.527
196.773
206.359
216.287
226.558
237.169
248.118
259.396
270.994
282.9
295.096
307.564
320.278
333.213
346.336
359.614
373.01
386.486
400

0
0.283154
0.566854
0.851385
1.137
1.42391
1.71226
2.00215
2.29357
2.58647
2.8807
3.17606
3.47232
3.76923
4.06657
4.36421
4.66214
4.96056
5.25991
5.56093
5.86473
6.17277
6.48693
6.80946
7.14296
7.49037
7.85492
8.24005
8.64938
9.08668
9.55576
10.0605
10.6049
11.1928
11.8281
12.5147
13.2566
14.0577
14.9219
15.8532
16.8556
17.9331
19.09
20.3303
21.6584
23.0787
24.5957
26.214
27.9383
29.7734
31.7244
33.7963
35.9944
38.3242
40.791
43.4007
46.159
49.0721
52.1459
55.387
58.8018
62.3971
66.1796
70.1565
74.3351
78.7229
83.3275
88.1569
93.2192
98.5226
104.076
109.887
115.966
122.321
128.962
135.897
143.136
150.688
158.562
166.766
175.308
184.196
193.436
203.033
212.992
223.315
234.001
245.047
256.45
268.199
280.282
292.683
305.382
318.354
331.568
344.993
358.591
372.32
386.138
400

0
0.288649
0.57789
0.868055
1.15944
1.45227
1.74672
2.04284
2.34059
2.63982
2.94026
3.24156
3.54327
3.8449
4.14598
4.44608
4.74489
5.04234
5.33861
5.63424
5.93018
6.22783
6.52904
6.83614
7.15185
7.47929
7.82187
8.18326
8.56729
8.97789
9.41907
9.89483
10.4092
10.9661
11.5694
12.2232
12.9311
13.6972
14.5251
15.4189
16.3823
17.4193
18.534
19.7303
21.0124
22.3847
23.8514
25.417
27.0862
28.8637
30.7544
32.7632
34.8954
37.1563
39.5514
42.0863
44.7669
47.5992
50.5893
53.7436
57.0688
60.5717
64.2592
68.1386
72.2175
76.5036
81.0049
85.7297
90.6865
95.8842
101.332
107.039
113.015
119.27
125.815
132.659
139.812
147.286
155.091
163.237
171.733
180.59
189.816
199.417
209.401
219.772
230.53
241.677
253.208
265.115
277.388
290.01
302.961
316.213
329.737
343.495
357.448
371.548
385.749
400

0
0.294271
0.589204
0.885206
1.18263
1.48177
1.78279
2.08576
2.39059
2.69705
3.00474
3.31312
3.62152
3.92916
4.23524
4.53898
4.83971
5.137
5.4307
5.7211
6.00896
6.29559
6.58285
6.87314
7.16939
7.47494
7.79346
8.12891
8.48539
8.86706
9.27814
9.72278
10.2051
10.7291
11.2987
11.9177
12.5901
13.3194
14.1095
14.9641
15.887
16.8818
17.9525
19.103
20.3372
21.6594
23.0737
24.5844
26.1961
27.9133
29.7409
31.6836
33.7467
35.9354
38.255
40.7112
43.3097
46.0566
48.9581
52.0205
55.2505
58.6551
62.2413
66.0165
69.9885
74.1653
78.5552
83.1669
88.0093
93.0917
98.4241
104.016
109.879
116.023
122.459
129.199
136.255
143.639
151.362
159.438
167.877
176.691
185.891
195.488
205.489
215.901
226.729
237.976
249.638
261.712
274.186
287.045
300.268
313.829
327.693
341.821
356.168
370.684
385.314
400

0
0.299922
0.600608
0.902567
1.20625
1.51201
1.82008
2.13053
2.44326
2.75795
3.07408
3.3909
3.70747
4.0227
4.33537
4.64426
4.94827
5.24649
5.53836
5.82384
6.10345
6.37839
6.65053
6.92243
7.19724
7.47864
7.77068
8.07765
8.40402
8.75427
9.13283
9.54406
9.99217
10.4812
11.0152
11.5978
12.2328
12.9239
13.6746
14.4885
15.3691
16.3202
17.3453
18.4482
19.6327
20.9028
22.2626
23.7162
25.2679
26.9223
28.6839
30.5577
32.5484
34.6613
36.9017
39.2751
41.7874
44.4443
47.2521
50.2173
53.3465
56.6466
60.1249
63.789
67.6468
71.7064
75.9765
80.466
85.1845
90.1416
95.3479
100.814
106.551
112.571
118.887
125.51
132.455
139.734
147.362
155.352
163.719
172.477
181.64
191.219
201.227
211.673
222.566
233.909
245.706
257.951
270.637
283.75
297.269
311.166
325.405
339.944
354.732
369.712
384.824
400

0
0.305475
0.61185
0.919776
1.22983
1.54247
1.85802
2.1766
2.49809
2.82213
3.14805
3.47491
3.80145
4.12619
4.44745
4.76345
5.0725
5.37311
5.6642
5.94526
6.21651
6.479
6.73467
6.98627
7.23731
7.4919
7.75457
8.03012
8.32346
8.63945
8.98284
9.35818
9.76982
10.2219
10.7182
11.2627
11.8588
12.51
13.2197
13.9914
14.8284
15.7341
16.712
17.7657
18.8987
20.1149
21.4181
22.8124
24.3018
25.8908
27.5838
29.3855
31.3006
33.3343
35.4918
37.7785
40.2
42.7623
45.4715
48.334
51.3565
54.546
57.9098
61.4556
65.1913
69.1255
73.267
77.6251
82.2096
87.0308
92.0997
97.4276
103.027
108.91
115.09
121.582
128.4
135.558
143.074
150.964
159.243
167.928
177.037
186.584
196.586
207.055
218.004
229.44
241.369
253.79
266.699
280.082
293.921
308.185
322.839
337.833
353.114
368.617
384.27
400

0
0.310766
0.622608
0.93636
1.25277
1.57245
1.89585
2.22316
2.55432
2.88893
3.22619
3.56496
3.90363
4.24027
4.57261
4.89821
5.21462
5.51959
5.81132
6.08872
6.35159
6.60082
6.8384
7.0674
7.29182
7.51637
7.74625
7.98692
8.24385
8.52239
8.82765
9.16443
9.53718
9.95008
10.407
10.9115
11.467
12.0769
12.7443
13.4724
14.2643
15.1233
16.0525
17.0554
18.1352
19.2957
20.5404
21.8732
23.2981
24.8191
26.4408
28.1674
30.0038
31.9549
34.0257
36.2215
38.548
41.0109
43.6164
46.3708
49.2807
52.3532
55.5957
59.0158
62.6217
66.4219
70.4257
74.6425
79.0826
83.7566
88.6761
93.8532
99.3007
105.032
111.062
117.406
124.08
131.101
138.487
146.256
154.428
163.022
172.058
181.556
191.534
202.012
213.004
224.524
236.582
249.182
262.321
275.991
290.174
304.84
319.949
335.452
351.285
367.376
383.644
400

0
0.315587
0.632474
0.951723
1.2743
1.60103
1.93253
2.26914
2.61088
2.95736
3.30771
3.66055
4.01394
4.3654
4.71198
5.05038
5.3772
5.68916
5.98352
6.25838
6.51298
6.74798
6.9655
7.16905
7.36333
7.55389
7.74686
7.94853
8.16512
8.40258
8.66644
8.96176
9.29312
9.66467
10.0802
10.5431
11.0566
11.6238
12.2476
12.9308
13.6765
14.4874
15.3666
16.3172
17.3423
18.4453
19.6296
20.8989
22.2569
23.7077
25.2553
26.9041
28.6586
30.5236
32.504
34.605
36.8321
39.1909
41.6876
44.3283
47.1197
50.0688
53.1829
56.4698
59.9378
63.5954
67.452
71.5175
75.8022
80.3174
85.0749
90.0875
95.3688
100.933
106.797
112.975
119.487
126.35
133.585
141.213
149.256
157.736
166.677
176.103
186.038
196.505
207.524
219.116
231.295
244.071
257.447
271.418
285.969
301.072
316.686
332.754
349.209
365.965
382.93
400

0
0.319686
0.640945
0.96512
1.29345
1.62704
1.96672
2.31308
2.66628
3.026
3.39136
3.76079
4.13197
4.50184
4.86662
5.22195
5.56318
5.8857
6.18543
6.45937
6.70599
6.92564
7.12062
7.29511
7.45481
7.60649
7.75748
7.91522
8.08688
8.27913
8.49798
8.74875
9.03611
9.36415
9.73645
10.1562
10.6264
11.1497
11.7287
12.3661
13.0643
13.8261
14.654
15.551
16.5199
17.5638
18.686
19.8899
21.179
22.5571
24.0281
25.5962
27.2657
29.0412
30.9276
32.9298
35.0531
37.3032
39.686
42.2075
44.8744
47.6936
50.6724
53.8185
57.1402
60.6463
64.3461
68.2498
72.3678
76.7119
81.2943
86.1282
91.2279
96.6089
102.288
108.282
114.611
121.295
128.357
135.819
143.708
152.048
160.868
170.197
180.062
190.493
201.518
213.163
225.449
238.395
252.009
266.294
281.238
296.815
312.984
329.685
346.839
364.352
382.113
400

0
0.322758
0.647416
0.97565
1.30904
1.64901
1.99675
2.35311
2.71854
3.09289
3.47533
3.86417
4.25678
4.64944
5.03741
5.41502
5.77597
6.11386
6.4228
6.69816
6.93735
7.14026
7.30952
7.45028
7.56972
7.67629
7.77904
7.8869
8.00825
8.15059
8.32048
8.52346
8.7642
9.04663
9.37406
9.74936
10.1751
10.6535
11.1869
11.7775
12.4274
13.1391
13.9147
14.7569
15.6683
16.6517
17.7102
18.8467
20.0648
21.368
22.7599
24.2446
25.8261
27.5089
29.2976
31.1971
33.2124
35.3491
37.6129
40.0098
42.5462
45.2289
48.0653
51.0629
54.2301
57.5756
61.1088
64.8399
68.7797
72.9401
77.3336
81.9739
86.8761
92.056
97.5313
103.321
109.445
115.927
122.79
130.06
137.766
145.937
154.605
163.804
173.569
183.934
194.935
206.607
218.981
232.083
245.932
260.538
275.896
291.986
308.766
326.174
344.121
362.497
381.172
400

0
0.324449
0.651173
0.982239
1.31963
1.66518
2.0205
2.38685
2.76507
3.15533
3.557
3.96843
4.3867
4.80747
5.2249
5.63169
6.01946
6.37932
6.70281
6.98302
7.2157
7.40013
7.53943
7.64026
7.71197
7.76548
7.81215
7.86291
7.92762
8.01478
8.13143
8.28327
8.47485
8.70978
8.99093
9.3207
9.70112
10.134
10.6212
11.1644
11.7654
12.4261
13.1486
13.9351
14.7878
15.7094
16.7025
17.7701
18.9153
20.1414
21.4518
22.8504
24.341
25.9279
27.6155
29.4084
31.3115
33.3302
35.47
37.7368
40.1367
42.6766
45.3635
48.205
51.2092
54.3849
57.7416
61.2893
65.039
69.0027
73.1932
77.6246
82.3123
87.2729
92.5247
98.0878
103.984
110.237
116.874
123.922
131.413
139.381
147.862
156.894
166.52
176.781
187.723
199.388
211.819
225.055
239.127
254.055
269.846
286.486
303.937
322.135
340.981
360.348
380.08
400

0
0.324351
0.651396
0.983646
1.32355
1.67342
2.03541
2.41132
2.80254
3.20977
3.63279
4.07019
4.51896
4.97422
5.42894
5.8739
6.298
6.68896
7.03463
7.32466
7.55233
7.71597
7.81953
7.87199
7.88601
7.87606
7.85677
7.84165
7.84235
7.86843
7.92735
8.02477
8.16487
8.35072
8.58458
8.86816
9.20288
9.58997
10.0306
10.5261
11.0778
11.6872
12.3558
13.0857
13.8788
14.7374
15.6639
16.6609
17.7314
18.8783
20.1051
21.415
22.812
24.2998
25.8828
27.5654
29.3523
31.2485
33.2594
35.3907
37.6484
40.0389
42.5694
45.2471
48.08
51.0769
54.2469
57.6003
61.1479
64.9017
68.8748
73.0815
77.5372
82.2594
87.2668
92.5804
98.2232
104.221
110.601
117.394
124.635
132.361
140.614
149.436
158.878
168.989
179.823
191.437
203.886
217.221
231.491
246.733
262.966
280.191
298.377
317.458
337.328
357.839
378.803
400

0
0.322012
0.64717
0.978468
1.31887
1.67127
2.03844
2.42291
2.8268
3.25159
3.69781
4.16461
4.64924
5.14651
5.64826
6.14306
6.61635
7.05118
7.43002
7.73728
7.96234
8.10202
8.16163
8.15393
8.09666
8.00956
7.91175
7.82008
7.74829
7.70691
7.70356
7.74353
7.83028
7.96603
8.15212
8.38942
8.67851
9.01993
9.41422
9.86206
10.3643
10.9221
11.5365
12.2092
12.9419
13.7364
14.5951
15.5201
16.5142
17.5802
18.721
19.94
21.2406
22.6265
24.1016
25.6703
27.337
29.1064
30.9836
32.9742
35.0838
37.3189
39.6859
42.1923
44.8457
47.6546
50.6281
53.7762
57.1096
60.6404
64.3814
68.3471
72.5532
77.0172
81.7585
86.7986
92.1614
97.8735
103.965
110.468
117.42
124.862
132.839
141.402
150.605
160.51
171.18
182.685
195.095
208.481
222.91
238.44
255.115
272.951
291.934
312.003
333.043
354.882
377.292
400

0
0.316946
0.637504
0.965171
1.30347
1.65594
2.02609
2.41731
2.83273
3.27493
3.74559
4.24495
4.77106
5.31894
5.87963
6.43937
6.9793
7.47613
7.90433
8.24009
8.46636
8.5775
8.58113
8.49631
8.34884
8.16629
7.97402
7.79301
7.63916
7.52367
7.45382
7.43393
7.46624
7.55166
7.69031
7.88192
8.1261
8.42252
8.77102
9.17165
9.62474
10.1309
10.691
11.3061
11.9778
12.7075
13.4972
14.349
15.2652
16.2484
17.3013
18.427
19.6287
20.9098
22.2741
23.7254
25.268
26.9064
28.6454
30.4902
32.4463
34.5197
36.7168
39.0444
41.5102
44.1223
46.8894
49.8213
52.9287
56.2231
59.7174
63.4259
67.3643
71.5501
76.0029
80.7447
85.7998
91.1957
96.9636
103.138
109.758
116.869
124.519
132.765
141.669
151.3
161.735
173.057
185.356
198.722
213.249
229.024
246.118
264.581
284.418
305.586
327.965
351.358
375.486
400

0
0.308655
0.621373
0.942149
1.27508
1.62438
1.99441
2.38957
2.81425
3.27251
3.76774
4.30197
4.87494
5.48282
6.11665
6.76066
7.39102
7.97588
8.47781
8.8597
9.09347
9.16906
9.09837
8.9113
8.64683
8.34427
8.03738
7.75194
7.50573
7.30978
7.17006
7.08903
7.06701
7.10303
7.19558
7.34299
7.54371
7.79644
8.10024
8.45451
8.85904
9.31397
9.81975
10.3772
10.9873
11.6515
12.3714
13.1488
13.9858
14.8846
15.8478
16.8782
17.9786
19.1523
20.4026
21.7333
23.1483
24.6517
26.2481
27.9423
29.7395
31.6454
33.666
35.8079
38.0783
40.4848
43.036
45.7412
48.6106
51.6556
54.8887
58.3238
61.9764
65.8638
70.0056
74.4236
79.1425
84.1904
89.5989
95.4041
101.647
108.375
115.641
123.505
132.038
141.318
151.433
162.482
174.573
187.826
202.362
218.306
235.771
254.848
275.585
297.965
321.879
347.104
373.295
400

0
0.296652
0.597768
0.907799
1.23139
1.57343
1.93917
2.33419
2.76433
3.2356
3.75369
4.32338
4.94738
5.6246
6.34775
7.10028
7.85338
8.56417
9.17748
9.63407
9.88598
9.9147
9.74042
9.41276
8.99267
8.53703
8.09048
7.68361
7.33481
7.05328
6.84206
6.70052
6.62601
6.6151
6.66419
6.76994
6.92951
7.14055
7.4013
7.7105
8.06742
8.47173
8.92353
9.42327
9.97172
10.5699
11.2193
11.9212
12.6777
13.4908
14.3626
15.2956
16.2926
17.3563
18.4901
19.6971
20.981
22.3457
23.7953
25.3344
26.9677
28.7006
30.5386
32.4879
34.5552
36.7479
39.074
41.5422
44.1624
46.9453
49.903
53.0488
56.3977
59.9667
63.7748
67.8435
72.1974
76.8644
81.8765
87.2702
93.0879
99.3781
106.197
113.61
121.692
130.529
140.223
150.888
162.654
175.667
190.087
206.084
223.826
243.467
265.119
288.819
314.488
341.886
370.59
400

0
0.280502
0.565775
0.860637
1.17019
1.49998
1.8561
2.24535
2.67525
3.15406
3.69053
4.29329
4.96974
5.72395
6.55329
7.44356
8.3627
9.25497
10.0394
10.6191
10.9081
10.8704
10.5434
10.0148
9.38283
8.73011
8.11395
7.56798
7.10811
6.73868
6.4574
6.25875
6.13606
6.08265
6.09247
6.16034
6.28199
6.45404
6.67393
6.93978
7.25037
7.60496
8.00332
8.44559
8.93227
9.46415
10.0423
10.6681
11.3431
12.069
12.8478
13.6818
14.5733
15.5249
16.5394
17.6199
18.7696
19.9921
21.2911
22.6708
24.1355
25.6901
27.3397
29.0901
30.9474
32.9184
35.0106
37.2321
39.5921
42.1008
44.7694
47.6105
50.6386
53.8695
57.3218
61.016
64.9761
69.2294
73.8073
78.7463
84.0888
89.8841
96.19
103.074
110.616
118.91
128.067
138.215
149.507
162.12
176.253
192.132
209.996
230.086
252.613
277.711
305.372
335.367
367.18
400

0
0.259863
0.524662
0.79944
1.08963
1.40125
1.74118
2.11734
2.53897
3.01685
3.5633
4.192
4.91712
5.75123
6.70133
7.76169
8.90297
10.0581
11.1108
11.9001
12.2629
12.1214
11.5548
10.7274
9.80153
8.89497
8.07613
7.37579
6.80115
6.34675
6.00162
5.75326
5.58977
5.50066
5.47718
5.51221
5.60013
5.7366
5.91832
6.14292
6.40875
6.71475
7.0604
7.44558
7.87056
8.33591
8.84248
9.39135
9.98384
10.6215
11.306
12.0393
12.8235
13.6609
14.5539
15.5053
16.5179
17.595
18.7399
19.9562
21.248
22.6195
24.0755
25.621
27.2617
29.0037
30.8539
32.8196
34.9093
37.1322
39.4988
42.0208
44.7114
47.5856
50.6606
53.956
57.4943
61.3016
65.408
69.849
74.6659
79.9074
85.6312
91.9059
98.8134
106.452
114.939
124.418
135.059
147.068
160.688
176.207
193.952
214.279
237.544
264.046
293.926
327.032
362.763
400

0
0.234533
0.473978
0.723407
0.988365
1.27515
1.59113
1.94515
2.34796
2.81276
3.35574
3.99647
4.75792
5.66522
6.74205
8.00218
9.43293
10.9676
12.45
13.6123
14.1269
13.8031
12.8327
11.5446
10.2077
8.97936
7.92755
7.06619
6.38278
5.85499
5.45907
5.17353
4.98035
4.86497
4.81597
4.82447
4.88371
4.98857
5.13526
5.32099
5.54385
5.80255
6.09635
6.42496
6.78844
7.18717
7.62179
8.09319
8.60244
9.15083
9.73983
10.3711
11.0463
11.7676
12.5371
13.3571
14.2301
15.1589
16.1464
17.1959
18.3108
19.4949
20.7524
22.0877
23.5059
25.0122
26.6129
28.3144
30.1244
32.0511
34.1038
36.2931
38.6309
41.1309
43.8086
46.682
49.7718
53.1021
56.7011
60.6019
64.8435
69.4725
74.5447
80.1269
86.3004
93.1642
100.84
109.476
119.259
130.418
143.238
158.069
175.336
195.542
219.246
247.009
279.26
316.073
356.84
400

0
0.204499
0.413659
0.632335
0.865911
1.12063
1.40399
1.72528
2.09623
2.53196
3.05207
3.68208
4.45492
5.41196
6.60199
8.0748
9.86197
11.9328
14.1127
15.9761
16.8335
16.1359
14.4333
12.4162
10.511
8.89338
7.59512
6.58566
5.81629
5.23934
4.81463
4.51048
4.30268
4.17302
4.10791
4.09725
4.13352
4.21119
4.32621
4.47565
4.65745
4.87022
5.11312
5.38572
5.68797
6.02009
6.38254
6.77601
7.20137
7.65966
8.1521
8.68004
9.245
9.84861
10.4927
11.1792
11.9104
12.6884
13.5158
14.3953
15.3299
16.3228
17.3775
18.4979
19.6881
20.9529
22.2975
23.7275
25.2493
26.8703
28.5984
30.4428
32.414
34.5238
36.7859
39.2161
41.8328
44.6575
47.7152
51.0359
54.655
58.6151
62.9677
67.7753
73.1149
79.0816
85.7943
93.4026
102.097
112.121
123.788
137.503
153.79
173.314
196.896
225.486
260.035
301.162
348.526
400

0
0.169978
0.344112
0.526764
0.722836
0.93811
1.1797
1.45664
1.78078
2.16797
2.63984
3.22636
3.96942
4.92757
6.18121
7.83533
10.0098
12.7918
16.0948
19.3492
21.0985
19.4776
16.3524
13.1801
10.5313
8.49312
6.9793
5.87081
5.06354
4.478
4.0566
3.75847
3.5547
3.42481
3.35418
3.33232
3.35165
3.40669
3.49348
3.60919
3.75182
3.92004
4.11298
4.33019
4.57152
4.83707
5.12719
5.44238
5.78331
6.15081
6.54584
6.96947
7.42291
7.90749
8.42468
8.97605
9.56334
10.1884
10.8533
11.5602
12.3115
13.1099
13.9582
14.8596
15.8174
16.8356
17.9183
19.0704
20.2969
21.604
22.9982
24.4871
26.0795
27.7851
29.6155
31.5838
33.7055
35.9988
38.485
41.1895
44.1429
47.382
50.9517
54.9071
59.3168
64.2668
69.8661
76.255
83.616
92.1896
102.297
114.374
129.015
147.034
169.543
198.01
234.234
280.016
336.103
400

0
0.131437
0.266271
0.40809
0.560968
0.729783
0.920647
1.14152
1.4031
1.72023
2.11402
2.61528
3.27016
4.14914
5.36159
7.07728
9.55206
13.1317
18.128
24.2298
28.7364
24.3264
18.3219
13.4241
9.94461
7.57245
5.96238
4.85923
4.09387
3.55763
3.18075
2.91786
2.73896
2.62381
2.55851
2.5334
2.54165
2.57839
2.64018
2.72455
2.82979
2.95471
3.09856
3.26093
3.44163
3.64072
3.8584
4.09504
4.35113
4.62727
4.92418
5.24266
5.58363
5.94808
6.3371
6.75191
7.19379
7.66418
8.1646
8.69673
9.2624
9.86359
10.5025
11.1815
11.9032
12.6706
13.4869
14.3556
15.2809
16.2673
17.3199
18.4446
19.648
20.9379
22.323
23.8137
25.422
27.1622
29.0509
31.1084
33.3587
35.8314
38.5625
41.5966
44.9898
48.8132
53.1583
58.1446
63.931
70.7322
78.8451
88.6882
100.866
116.269
136.234
162.778
198.879
248.567
315.87
400

0
0.0895987
0.181608
0.278585
0.383458
0.49977
0.632026
0.786192
0.970469
1.19651
1.48147
1.85145
2.34774
3.03831
4.03986
5.56143
7.99082
12.0566
19.0574
30.7073
45.2927
30.772
19.1871
12.252
8.25328
5.8925
4.44156
3.5131
2.89851
2.48157
2.19479
1.99741
1.86386
1.77758
1.72755
1.70628
1.70857
1.73076
1.77029
1.82533
1.89462
1.97729
2.07278
2.18077
2.3011
2.43379
2.57897
2.73686
2.90778
3.09214
3.2904
3.5031
3.73085
3.97431
4.23422
4.51138
4.80666
5.12102
5.45549
5.81119
6.18935
6.59131
7.01854
7.47264
7.95541
8.4688
9.01501
9.59647
10.2159
10.8765
11.5815
12.3352
13.1419
14.0069
14.9363
15.9371
17.0176
18.1875
19.4585
20.8444
22.3619
24.0318
25.8791
27.9354
30.2406
32.8455
35.8164
39.2408
43.2371
47.9688
53.6675
60.6721
69.4954
80.9453
96.3497
117.991
149.938
199.501
278.812
400

0
0.0454126
0.0920768
0.141325
0.194688
0.254034
0.321758
0.401067
0.496424
0.614286
0.764351
0.961811
1.23162
1.61713
2.19882
3.13851
4.79408
8.04726
15.3387
34.2505
90.9564
34.2829
15.4037
8.1452
4.92558
3.3044
2.40009
1.85503
1.5076
1.27755
1.12179
1.01562
0.944115
0.897883
0.870789
0.858718
0.858853
0.869234
0.888486
0.915642
0.950028
0.991185
1.03881
1.09273
1.15287
1.21922
1.29183
1.37082
1.45636
1.54863
1.64786
1.75434
1.86835
1.99024
2.12037
2.25915
2.40701
2.56443
2.73193
2.91007
3.09947
3.30081
3.51482
3.74231
3.98419
4.24143
4.51515
4.80657
5.11708
5.44823
5.80179
6.17977
6.58447
7.01854
7.48505
7.98757
8.53033
9.11827
9.75733
10.4546
11.2187
12.0602
12.992
14.0306
15.1965
16.5164
18.0251
19.7691
21.8117
24.2416
27.187
30.8398
35.5008
41.6688
50.2297
62.9007
83.3821
120.69
199.875
400

0
0
0
0
0
0
0
0
0
0
0
0
0
0
0
0
0
0
0
0
250
0
0
0
0
0
0
0
0
0
0
0
0
0
0
0
0
0
0
0
0
0
0
0
0
0
0
0
0
0
0
0
0
0
0
0
0
0
0
0
0
0
0
0
0
0
0
0
0
0
0
0
0
0
0
0
0
0
0
0
0
0
0
0
0
0
0
0
0
0
0
0
0
0
0
0
0
0
0
400

