0
0
0
0
0
0
0
0
0
0
0
0
0
0
0
0
0
0
0
0
0
0
0
0
0
0
0
0
0
0
0
0
0
0
0
0
0
0
0
0

0
1.93394
3.86787
5.81183
7.79586
9.86303
11.9943
13.8972
14.7266
13.3688
11.0452
8.70355
6.72103
5.16209
3.977
3.09285
2.44502
1.98437
1.67634
1.49841
1.43792
1.49071
1.66063
1.96007
2.41131
3.04878
3.92156
5.09429
6.63975
8.60677
10.9275
13.2158
14.5042
13.5467
11.4686
9.12264
6.80225
4.52847
2.26639
0

0
3.86787
7.72573
11.5836
15.5086
19.6619
24.217
28.868
31.6404
27.7035
22.1084
17.048
13.0185
9.95032
7.65308
5.94937
4.70287
3.81613
3.22257
2.87937
2.76256
2.86428
3.19175
3.76835
4.63641
5.86222
7.54319
9.81584
12.858
16.8598
21.8876
27.4313
31.2544
28.2141
23.2052
18.2196
13.5579
9.04523
4.53708
0

0
5.81183
11.5836
17.2882
22.9929
29.0592
36.3439
45.7172
55.2635
43.6965
32.637
24.3615
18.3545
13.9676
10.7356
8.34867
6.60094
5.35471
4.51846
4.03392
3.86869
4.01209
4.47376
5.28516
6.50375
8.22052
10.5731
13.7679
18.1164
24.0868
32.332
43.3673
54.8679
44.85
34.9185
26.9928
20.1645
13.5575
6.83669
0

0
7.79586
15.5086
22.9929
30.1155
37.2381
46.3821
62.3933
100
59.1821
40.3814
29.4065
22.0705
16.8301
12.9731
10.1088
7.99752
6.48332
5.46262
4.86918
4.66619
4.84162
5.40602
6.39479
7.8729
9.94301
12.7608
16.5664
21.753
29.039
39.986
58.8382
100
61.3996
44.6259
34.6686
26.5498
18.1835
9.25218
0

0
9.86303
19.6619
29.0592
37.2381
43.3956
49.5531
57.4739
65.5809
52.6503
40.3001
30.8125
23.6911
18.3091
14.2179
11.1158
8.79704
7.11844
5.97952
5.31397
5.08528
5.28218
5.91393
7.01507
8.65006
10.9178
13.9607
17.9839
23.2901
30.3303
39.7349
51.9994
64.7909
56.1224
47.517
40.5058
33.1826
23.3746
11.9885
0

0
11.9943
24.217
36.3439
46.3821
49.5531
50.9607
52.3684
52.1995
45.5381
37.3562
29.8524
23.5721
18.4974
14.4737
11.3393
8.95643
7.21389
6.02307
5.32188
5.0788
5.28787
5.95246
7.10149
8.79444
11.1176
14.1801
18.1185
23.0931
29.2572
36.6241
44.6334
51.0419
50.782
48.814
46.6551
42.3
30.144
15.3272
0

0
13.8972
28.868
45.7172
62.3933
57.4739
52.3684
48.8394
45.3105
39.9464
33.7342
27.6688
22.2474
17.6347
13.8401
10.8114
8.47546
6.75764
5.57698
4.87169
4.62016
4.83804
5.50655
6.64399
8.30862
10.5779
13.5237
17.2167
21.7066
26.9813
32.8708
38.8682
43.9614
47.1498
50.3019
55.0004
59.2186
39.5739
19.1764
0

0
14.7266
31.6404
55.2635
100
65.5809
52.1995
45.3105
40.2566
35.2028
29.9653
24.8413
20.114
15.9541
12.4405
9.59075
7.37638
5.76421
4.65551
3.96772
3.69212
3.93758
4.59172
5.65929
7.21811
9.36183
12.1202
15.5181
19.5354
24.0905
29.0099
34.007
38.7859
43.5537
50.2434
63.826
100
49.7567
21.8046
0

0
13.3688
27.7035
43.6965
59.1821
52.6503
45.5381
39.9464
35.2028
30.6429
26.083
21.617
17.4134
13.627
10.3771
7.73473
5.67511
4.26732
3.31313
2.65158
2.24303
2.62843
3.26345
4.18336
5.5427
7.53105
10.0772
13.2001
16.8263
20.8354
25.0711
29.3639
33.6213
38.0359
43.292
50.0601
55.9785
37.6484
18.2851
0

0
11.0452
22.1084
32.637
40.3814
40.3001
37.3562
33.7342
29.9653
26.083
22.1067
18.1304
14.2954
10.7634
7.70615
5.29597
3.32198
2.31685
1.6781
1.08242
0
1.06968
1.65028
2.26798
3.2383
5.1425
7.45731
10.3787
13.7345
17.3537
21.0752
24.7564
28.2996
31.6766
34.8287
37.1438
36.2053
26.5735
13.6872
0

0
8.70355
17.048
24.3615
29.4065
30.8125
29.8524
27.6688
24.8413
21.617
18.1304
14.5024
10.8744
7.42525
4.38811
2.42102
0
0
0
0
0
0
0
0
0
2.34335
4.2309
7.12292
10.3791
13.7698
17.1197
20.2868
23.144
25.5421
27.2025
27.4812
25.1253
18.7532
9.89037
0

0
6.72103
13.0185
18.3545
22.0705
23.6911
23.5721
22.2474
20.114
17.4134
14.2954
10.8744
7.27472
3.67499
0
0
0
0
0
0
0
0
0
0
0
0
0
3.50301
6.88912
10.2268
13.347
16.1271
18.4475
20.1455
20.9577
20.4533
18.0616
13.4236
7.12101
0

0
5.16209
9.95032
13.9676
16.8301
18.3091
18.4974
17.6347
15.9541
13.627
10.7634
7.42525
3.67499
0
0
0
0
0
0
0
0
0
0
0
0
0
0
0
3.44758
6.9012
9.91444
12.4271
14.3732
15.6349
16.0294
15.3129
13.2439
9.75863
5.17009
0

0
3.977
7.65308
10.7356
12.9731
14.2179
14.4737
13.8401
12.4405
10.3771
7.70615
4.38811
0
0
0
0
0
0
0
0
0
0
0
0
0
0
0
0
0
4.016
6.98241
9.29372
10.9834
11.9913
12.2123
11.5249
9.84269
7.19689
3.80071
0

0
3.09285
5.94937
8.34867
10.1088
11.1158
11.3393
10.8114
9.59075
7.73473
5.29597
2.42102
0
0
0
0
0
0
0
0
0
0
0
0
0
0
0
0
0
2.18037
4.70549
6.78192
8.27557
9.13446
9.30345
8.73175
7.40503
5.38554
2.83584
0

0
2.44502
4.70287
6.60094
7.99752
8.79704
8.95643
8.47546
7.37638
5.67511
3.32198
0
0
0
0
0
0
0
0
0
0
0
0
0
0
0
0
0
0
0
2.87726
4.85289
6.20245
6.96755
7.13534
6.6936
5.66012
4.10442
2.15711
0

0
1.98437
3.81613
5.35471
6.48332
7.11844
7.21389
6.75764
5.76421
4.26732
2.31685
0
0
0
0
0
0
0
0
0
0
0
0
0
0
0
0
0
0
0
1.95066
3.54994
4.7138
5.39796
5.57677
5.2472
4.43745
3.21489
1.6882
0

0
1.67634
3.22257
4.51846
5.46262
5.97952
6.02307
5.57698
4.65551
3.31313
1.6781
0
0
0
0
0
0
0
0
0
0
0
0
0
0
0
0
0
0
0
1.37544
2.68239
3.70486
4.33371
4.52656
4.28099
3.62757
2.62949
1.38078
0

0
1.49841
2.87937
4.03392
4.86918
5.31397
5.32188
4.87169
3.96772
2.65158
1.08242
0
0
0
0
0
0
0
0
0
0
0
0
0
0
0
0
0
0
0
0.868693
2.09934
3.08953
3.70547
3.91478
3.72262
3.16237
2.29471
1.20544
0

0
1.43792
2.76256
3.86869
4.66619
5.08528
5.0788
4.62016
3.69212
2.24303
0
0
0
0
0
0
0
0
0
0
0
0
0
0
0
0
0
0
0
0
0
1.75674
2.84844
3.48387
3.70447
3.53233
3.00459
2.18153
1.14628
0

0
1.49071
2.86428
4.01209
4.84162
5.28218
5.28787
4.83804
3.93758
2.62843
1.06968
0
0
0
0
0
0
0
0
0
0
0
0
0
0
0
0
0
0
0
0.857517
2.07919
3.06361
3.67709
3.88689
3.69764
3.14214
2.28054
1.19816
0

0
1.66063
3.19175
4.47376
5.40602
5.91393
5.95246
5.50655
4.59172
3.26345
1.65028
0
0
0
0
0
0
0
0
0
0
0
0
0
0
0
0
0
0
0
1.35088
2.63889
3.64972
4.27401
4.46837
4.22918
3.58581
2.60032
1.36582
0

0
1.96007
3.76835
5.28516
6.39479
7.01507
7.10149
6.64399
5.65929
4.18336
2.26798
0
0
0
0
0
0
0
0
0
0
0
0
0
0
0
0
0
0
0
1.90711
3.47576
4.62237
5.30085
5.4834
5.16491
4.37158
3.16912
1.66478
0

0
2.41131
4.63641
6.50375
7.8729
8.65006
8.79444
8.30862
7.21811
5.5427
3.2383
0
0
0
0
0
0
0
0
0
0
0
0
0
0
0
0
0
0
0
2.8018
4.73469
6.06315
6.8236
6.9995
6.57545
5.56649
4.03981
2.1242
0

0
3.04878
5.86222
8.22052
9.94301
10.9178
11.1176
10.5779
9.36183
7.53105
5.1425
2.34335
0
0
0
0
0
0
0
0
0
0
0
0
0
0
0
0
0
2.10877
4.56538
6.59806
8.07194
8.93091
9.11553
8.57092
7.27913
5.29943
2.79219
0

0
3.92156
7.54319
10.5731
12.7608
13.9607
14.1801
13.5237
12.1202
10.0772
7.45731
4.2309
0
0
0
0
0
0
0
0
0
0
0
0
0
0
0
0
0
3.8697
6.75291
9.02022
10.6956
11.7126
11.9608
11.3136
9.67969
7.08657
3.74513
0

0
5.09429
9.81584
13.7679
16.5664
17.9839
18.1185
17.2167
15.5181
13.2001
10.3787
7.12292
3.50301
0
0
0
0
0
0
0
0
0
0
0
0
0
0
0
3.2846
6.61714
9.55632
12.0343
13.9778
15.263
15.7014
15.0429
13.0395
9.62204
5.10175
0

0
6.63975
12.858
18.1164
21.753
23.2901
23.0931
21.7066
19.5354
16.8263
13.7345
10.3791
6.88912
3.44758
0
0
0
0
0
0
0
0
0
0
0
0
0
3.2846
6.52127
9.75794
12.821
15.5827
17.9184
19.6602
20.539
20.117
17.8134
13.2604
7.03984
0

0
8.60677
16.8598
24.0868
29.039
30.3303
29.2572
26.9813
24.0905
20.8354
17.3537
13.7698
10.2268
6.9012
4.016
2.18037
0
0
0
0
0
0
0
0
0
2.10877
3.8697
6.61714
9.75794
13.0724
16.3869
19.5573
22.4527
24.9203
26.6775
27.0729
24.8365
18.5662
9.79726
0

0
10.9275
21.8876
32.332
39.986
39.7349
36.6241
32.8708
29.0099
25.0711
21.0752
17.1197
13.347
9.91444
6.98241
4.70549
2.87726
1.95066
1.37544
0.868693
0
0.857517
1.35088
1.90711
2.8018
4.56538
6.75291
9.55632
12.821
16.3869
20.0968
23.8068
27.4149
30.8909
34.1779
36.6603
35.8937
26.3706
13.583
0

0
13.2158
27.4313
43.3673
58.8382
51.9994
44.6334
38.8682
34.007
29.3639
24.7564
20.2868
16.1271
12.4271
9.29372
6.78192
4.85289
3.54994
2.68239
2.09934
1.75674
2.07919
2.63889
3.47576
4.73469
6.59806
9.02022
12.0343
15.5827
19.5573
23.8068
28.158
32.5093
37.0504
42.4829
49.4968
55.7075
37.4394
18.1642
0

0
14.5042
31.2544
54.8679
100
64.7909
51.0419
43.9614
38.7859
33.6213
28.2996
23.144
18.4475
14.3732
10.9834
8.27557
6.20245
4.7138
3.70486
3.08953
2.84844
3.06361
3.64972
4.62237
6.06315
8.07194
10.6956
13.9778
17.9184
22.4527
27.4149
32.5093
37.4139
42.3185
49.2065
63.1364
100
49.5155
21.6343
0

0
13.5467
28.2141
44.85
61.3996
56.1224
50.782
47.1498
43.5537
38.0359
31.6766
25.5421
20.1455
15.6349
11.9913
9.13446
6.96755
5.39796
4.33371
3.70547
3.48387
3.67709
4.27401
5.30085
6.8236
8.93091
11.7126
15.263
19.6602
24.9203
30.8909
37.0504
42.3185
45.6033
48.8881
53.8423
58.4324
38.9884
18.8575
0

0
11.4686
23.2052
34.9185
44.6259
47.517
48.814
50.3019
50.2434
43.292
34.8287
27.2025
20.9577
16.0294
12.2123
9.30345
7.13534
5.57677
4.52656
3.91478
3.70447
3.88689
4.46837
5.4834
6.9995
9.11553
11.9608
15.7014
20.539
26.6775
34.1779
42.4829
49.2065
48.8881
46.9002
44.9124
40.8991
29.148
14.8072
0

0
9.12264
18.2196
26.9928
34.6686
40.5058
46.6551
55.0004
63.826
50.0601
37.1438
27.4812
20.4533
15.3129
11.5249
8.73175
6.6936
5.2472
4.28099
3.72262
3.53233
3.69764
4.22918
5.16491
6.57545
8.57092
11.3136
15.0429
20.117
27.0729
36.6603
49.4968
63.1364
53.8423
44.9124
38.0079
31.1034
21.8974
11.2233
0

0
6.80225
13.5579
20.1645
26.5498
33.1826
42.3
59.2186
100
55.9785
36.2053
25.1253
18.0616
13.2439
9.84269
7.40503
5.66012
4.43745
3.62757
3.16237
3.00459
3.14214
3.58581
4.37158
5.56649
7.27913
9.67969
13.0395
17.8134
24.8365
35.8937
55.7075
100
58.4324
40.8991
31.1034
23.6092
16.1151
8.18841
0

0
4.52847
9.04523
13.5575
18.1835
23.3746
30.144
39.5739
49.7567
37.6484
26.5735
18.7532
13.4236
9.75863
7.19689
5.38554
4.10442
3.21489
2.62949
2.29471
2.18153
2.28054
2.60032
3.16912
4.03981
5.29943
7.08657
9.62204
13.2604
18.5662
26.3706
37.4394
49.5155
38.9884
29.148
21.8974
16.1151
10.7652
5.41531
0

0
2.26639
4.53708
6.83669
9.25218
11.9885
15.3272
19.1764
21.8046
18.2851
13.6872
9.89037
7.12101
5.17009
3.80071
2.83584
2.15711
1.6882
1.38078
1.20544
1.14628
1.19816
1.36582
1.66478
2.1242
2.79219
3.74513
5.10175
7.03984
9.79726
13.583
18.1642
21.6343
18.8575
14.8072
11.2233
8.18841
5.41531
2.70766
0

0
0
0
0
0
0
0
0
0
0
0
0
0
0
0
0
0
0
0
0
0
0
0
0
0
0
0
0
0
0
0
0
0
0
0
0
0
0
0
0

