0
-4.09766
-8.21595
-12.3755
-16.5972
-20.9017
-25.3096
-29.8416
-34.517
-39.3545
-44.3701
-49.5772
-54.9844
-60.5947
-66.4038
-72.3991
-78.5583
-84.8494
-91.2314
-97.6556
-104.069
-110.415
-116.641
-122.698
-128.546
-134.152
-139.494
-144.561
-149.349
-153.861
-158.107
-162.1
-165.856
-169.393
-172.73
-175.885
-178.874
-181.716
-184.424
-187.015
-189.5
-191.891
-194.2
-196.436
-198.606
-200.72
-202.784
-204.803
-206.784
-208.732
-210.65
-212.542
-214.413
-216.264
-218.1
-219.922
-221.732
-223.533
-225.326
-227.113
-228.896
-230.675
-232.451
-234.226
-236
-237.775
-239.551
-241.328
-243.108
-244.889
-246.674
-248.462
-250.254
-252.049
-253.848
-255.651
-257.459
-259.271
-261.086
-262.907
-264.731
-266.559
-268.392
-270.229
-272.069
-273.913
-275.761
-277.612
-279.466
-281.323
-283.183
-285.045
-286.909
-288.776
-290.644
-292.513
-294.384
-296.256
-298.128
-300

0
-4.09778
-8.21619
-12.3759
-16.5977
-20.9024
-25.3106
-29.8427
-34.5185
-39.3562
-44.3723
-49.5798
-54.9876
-60.5986
-66.4086
-72.4049
-78.5653
-84.8578
-91.2415
-97.6677
-104.083
-110.432
-116.661
-122.722
-128.573
-134.183
-139.53
-144.602
-149.395
-153.913
-158.165
-162.164
-165.927
-169.471
-172.814
-175.975
-178.972
-181.82
-184.535
-187.132
-189.623
-192.021
-194.335
-196.577
-198.753
-200.872
-202.94
-204.965
-206.95
-208.902
-210.824
-212.72
-214.594
-216.448
-218.287
-220.111
-221.923
-223.726
-225.52
-227.308
-229.091
-230.87
-232.647
-234.422
-236.195
-237.969
-239.743
-241.519
-243.296
-245.076
-246.858
-248.643
-250.431
-252.223
-254.018
-255.817
-257.62
-259.427
-261.237
-263.052
-264.871
-266.694
-268.52
-270.35
-272.184
-274.022
-275.862
-277.706
-279.553
-281.403
-283.255
-285.109
-286.966
-288.825
-290.685
-292.546
-294.409
-296.272
-298.136
-300

0
-4.07727
-8.17512
-12.3142
-16.5154
-20.7995
-25.1875
-29.7002
-34.3579
-39.1797
-44.183
-49.3823
-54.7876
-60.4035
-66.2272
-72.2466
-78.4401
-84.7751
-91.209
-97.6907
-104.164
-110.569
-116.849
-122.954
-128.841
-134.478
-139.842
-144.922
-149.717
-154.232
-158.476
-162.465
-166.217
-169.749
-173.081
-176.231
-179.217
-182.057
-184.764
-187.354
-189.84
-192.233
-194.544
-196.783
-198.957
-201.074
-203.142
-205.165
-207.15
-209.102
-211.024
-212.92
-214.794
-216.649
-218.487
-220.312
-222.124
-223.927
-225.721
-227.508
-229.291
-231.069
-232.845
-234.618
-236.39
-238.162
-239.935
-241.708
-243.483
-245.259
-247.038
-248.82
-250.605
-252.393
-254.184
-255.978
-257.777
-259.579
-261.384
-263.194
-265.007
-266.824
-268.644
-270.469
-272.296
-274.127
-275.961
-277.798
-279.638
-281.48
-283.325
-285.172
-287.021
-288.872
-290.724
-292.578
-294.432
-296.288
-298.144
-300

0
-4.03617
-8.0928
-12.1905
-16.3501
-20.5927
-24.9398
-29.4128
-34.0332
-38.8217
-43.7978
-48.9786
-54.377
-60.0008
-65.8498
-71.9144
-78.1735
-84.5935
-91.1287
-97.7227
-104.312
-110.83
-117.213
-123.405
-129.36
-135.044
-140.437
-145.528
-150.32
-154.82
-159.042
-163.004
-166.726
-170.227
-173.529
-176.651
-179.61
-182.425
-185.111
-187.681
-190.15
-192.528
-194.826
-197.053
-199.217
-201.326
-203.387
-205.404
-207.384
-209.331
-211.249
-213.142
-215.014
-216.866
-218.702
-220.524
-222.335
-224.136
-225.928
-227.714
-229.495
-231.271
-233.044
-234.816
-236.586
-238.355
-240.125
-241.896
-243.667
-245.441
-247.217
-248.995
-250.776
-252.559
-254.346
-256.136
-257.93
-259.727
-261.528
-263.332
-265.14
-266.951
-268.765
-270.583
-272.405
-274.229
-276.056
-277.886
-279.719
-281.555
-283.392
-285.232
-287.074
-288.917
-290.762
-292.608
-294.455
-296.303
-298.151
-300

0
-3.97459
-7.96941
-12.0049
-16.1018
-20.2816
-24.5661
-28.978
-33.5403
-38.2761
-43.2081
-48.3571
-53.7412
-59.3728
-65.2569
-71.3877
-77.7458
-84.2968
-90.9897
-97.7595
-104.531
-111.226
-117.769
-124.094
-130.15
-135.902
-141.332
-146.434
-151.214
-155.686
-159.868
-163.784
-167.455
-170.906
-174.158
-177.232
-180.148
-182.923
-185.572
-188.11
-190.55
-192.903
-195.179
-197.386
-199.533
-201.628
-203.675
-205.681
-207.651
-209.59
-211.5
-213.387
-215.252
-217.099
-218.931
-220.749
-222.556
-224.353
-226.142
-227.925
-229.702
-231.476
-233.246
-235.015
-236.782
-238.548
-240.315
-242.082
-243.85
-245.62
-247.392
-249.167
-250.943
-252.723
-254.505
-256.291
-258.08
-259.872
-261.668
-263.466
-265.269
-267.074
-268.883
-270.695
-272.51
-274.328
-276.149
-277.973
-279.799
-281.627
-283.458
-285.291
-287.125
-288.962
-290.799
-292.638
-294.478
-296.318
-298.159
-300

0
-3.89279
-7.80537
-11.7578
-15.7707
-19.8656
-24.0651
-28.3928
-32.8739
-37.5344
-42.4012
-47.5008
-52.8577
-58.4924
-64.4173
-70.6335
-77.1255
-83.858
-90.7737
-97.7945
-104.828
-111.774
-118.542
-125.051
-131.243
-137.083
-142.556
-147.662
-152.417
-156.841
-160.962
-164.807
-168.405
-171.783
-174.964
-177.972
-180.827
-183.546
-186.145
-188.638
-191.038
-193.355
-195.599
-197.779
-199.902
-201.975
-204.004
-205.994
-207.95
-209.876
-211.775
-213.652
-215.509
-217.348
-219.173
-220.985
-222.786
-224.578
-226.363
-228.141
-229.914
-231.684
-233.45
-235.215
-236.978
-238.741
-240.504
-242.267
-244.032
-245.798
-247.566
-249.336
-251.109
-252.884
-254.662
-256.443
-258.227
-260.014
-261.804
-263.598
-265.394
-267.194
-268.997
-270.803
-272.612
-274.424
-276.239
-278.056
-279.876
-281.698
-283.522
-285.348
-287.175
-289.005
-290.835
-292.667
-294.499
-296.332
-298.166
-300

0
-3.79121
-7.60146
-11.4502
-15.3577
-19.3452
-23.4358
-27.6543
-32.0279
-36.5864
-41.3615
-46.387
-51.6966
-57.3216
-63.2866
-69.6035
-76.2647
-83.2362
-90.4525
-97.8172
-105.21
-112.502
-119.573
-126.324
-132.689
-138.632
-144.146
-149.243
-153.949
-158.3
-162.33
-166.078
-169.576
-172.856
-175.944
-178.866
-181.642
-184.289
-186.823
-189.259
-191.608
-193.88
-196.085
-198.229
-200.322
-202.368
-204.373
-206.341
-208.279
-210.188
-212.074
-213.938
-215.783
-217.613
-219.428
-221.232
-223.026
-224.811
-226.59
-228.362
-230.13
-231.895
-233.657
-235.417
-237.175
-238.934
-240.692
-242.452
-244.212
-245.974
-247.737
-249.503
-251.271
-253.042
-254.815
-256.591
-258.37
-260.152
-261.938
-263.726
-265.517
-267.311
-269.109
-270.909
-272.712
-274.518
-276.326
-278.137
-279.951
-281.766
-283.583
-285.403
-287.224
-289.046
-290.87
-292.695
-294.52
-296.346
-298.173
-300

0
-3.67057
-7.35907
-11.0839
-14.8645
-18.7217
-22.6785
-26.7606
-30.9973
-35.4217
-40.0716
-44.9892
-50.2201
-55.811
-61.8039
-68.2291
-75.0937
-82.3695
-89.9828
-97.8115
-105.694
-113.452
-120.924
-127.984
-134.556
-140.61
-146.153
-151.213
-155.838
-160.078
-163.982
-167.598
-170.965
-174.12
-177.092
-179.906
-182.584
-185.144
-187.601
-189.968
-192.255
-194.473
-196.63
-198.732
-200.787
-202.801
-204.777
-206.72
-208.635
-210.525
-212.393
-214.242
-216.073
-217.89
-219.695
-221.489
-223.274
-225.051
-226.822
-228.588
-230.35
-232.108
-233.865
-235.619
-237.373
-239.127
-240.881
-242.635
-244.391
-246.148
-247.907
-249.668
-251.431
-253.197
-254.966
-256.737
-258.511
-260.288
-262.068
-263.851
-265.637
-267.426
-269.217
-271.012
-272.809
-274.609
-276.411
-278.216
-280.023
-281.832
-283.643
-285.456
-287.271
-289.086
-290.903
-292.722
-294.54
-296.36
-298.18
-300

0
-3.53199
-7.08034
-10.6619
-14.2947
-17.9986
-21.7959
-25.7125
-29.7789
-34.0314
-38.5139
-43.2779
-48.3838
-53.8981
-59.889
-66.4154
-73.5115
-81.1652
-89.2979
-97.7522
-106.301
-114.689
-122.686
-130.131
-136.942
-143.101
-148.64
-153.62
-158.113
-162.192
-165.923
-169.366
-172.567
-175.567
-178.396
-181.083
-183.646
-186.103
-188.469
-190.755
-192.971
-195.127
-197.228
-199.283
-201.295
-203.271
-205.214
-207.128
-209.017
-210.884
-212.732
-214.562
-216.378
-218.181
-219.973
-221.755
-223.53
-225.298
-227.06
-228.818
-230.573
-232.324
-234.074
-235.823
-237.571
-239.319
-241.068
-242.817
-244.568
-246.32
-248.074
-249.83
-251.589
-253.35
-255.113
-256.88
-258.649
-260.421
-262.195
-263.973
-265.754
-267.537
-269.323
-271.112
-272.903
-274.697
-276.494
-278.293
-280.094
-281.897
-283.701
-285.508
-287.316
-289.126
-290.936
-292.748
-294.56
-296.373
-298.186
-300

0
-3.37707
-6.76836
-10.1887
-13.6539
-17.1821
-20.794
-24.5145
-28.3742
-32.4114
-36.6745
-41.2249
-46.139
-51.5088
-57.4385
-64.0321
-71.3716
-79.4819
-88.2913
-97.598
-107.071
-116.316
-124.999
-132.914
-139.979
-146.211
-151.688
-156.514
-160.801
-164.652
-168.153
-171.375
-174.37
-177.183
-179.845
-182.382
-184.813
-187.153
-189.416
-191.612
-193.749
-195.835
-197.875
-199.875
-201.84
-203.773
-205.68
-207.561
-209.421
-211.263
-213.088
-214.898
-216.696
-218.483
-220.26
-222.03
-223.793
-225.55
-227.303
-229.052
-230.798
-232.542
-234.285
-236.028
-237.769
-239.512
-241.255
-242.998
-244.744
-246.491
-248.24
-249.991
-251.744
-253.5
-255.259
-257.02
-258.784
-260.55
-262.32
-264.092
-265.868
-267.646
-269.426
-271.209
-272.995
-274.784
-276.574
-278.367
-280.162
-281.959
-283.758
-285.558
-287.36
-289.163
-290.968
-292.773
-294.579
-296.386
-298.193
-300

0
-3.20793
-6.42738
-9.67041
-12.9502
-16.2819
-19.6835
-23.1774
-26.7921
-30.5654
-34.548
-38.8082
-43.4384
-48.5598
-54.3239
-60.9031
-68.461
-77.0996
-86.7874
-97.2778
-108.068
-118.505
-128.082
-136.545
-143.848
-150.078
-155.386
-159.947
-163.926
-167.463
-170.664
-173.609
-176.357
-178.95
-181.419
-183.787
-186.07
-188.281
-190.431
-192.528
-194.578
-196.588
-198.561
-200.503
-202.416
-204.304
-206.17
-208.016
-209.845
-211.658
-213.458
-215.246
-217.024
-218.794
-220.555
-222.311
-224.061
-225.807
-227.549
-229.288
-231.026
-232.762
-234.497
-236.232
-237.967
-239.703
-241.44
-243.178
-244.918
-246.659
-248.403
-250.149
-251.897
-253.648
-255.401
-257.157
-258.916
-260.678
-262.442
-264.209
-265.979
-267.751
-269.527
-271.305
-273.085
-274.868
-276.653
-278.44
-280.229
-282.02
-283.813
-285.607
-287.403
-289.2
-290.999
-292.798
-294.598
-296.398
-298.199
-300

0
-3.02727
-6.06283
-9.11539
-12.1946
-15.3118
-18.4808
-21.7193
-25.0514
-28.5103
-32.1437
-36.0216
-40.2466
-44.968
-50.3944
-56.7952
-64.4696
-73.668
-84.4809
-96.6583
-109.417
-121.554
-132.28
-141.336
-148.791
-154.865
-159.83
-163.961
-167.495
-170.609
-173.429
-176.04
-178.499
-180.842
-183.095
-185.277
-187.399
-189.471
-191.499
-193.491
-195.448
-197.377
-199.28
-201.159
-203.017
-204.857
-206.68
-208.488
-210.283
-212.067
-213.84
-215.605
-217.362
-219.112
-220.857
-222.597
-224.334
-226.067
-227.798
-229.527
-231.255
-232.982
-234.709
-236.437
-238.165
-239.894
-241.625
-243.357
-245.09
-246.826
-248.564
-250.305
-252.048
-253.793
-255.541
-257.292
-259.046
-260.802
-262.561
-264.323
-266.088
-267.855
-269.625
-271.397
-273.172
-274.949
-276.729
-278.51
-280.294
-282.079
-283.866
-285.655
-287.445
-289.236
-291.028
-292.822
-294.616
-296.41
-298.205
-300

0
-2.83833
-5.68127
-8.53369
-11.4011
-14.2899
-17.2084
-20.1678
-23.1839
-26.2805
-29.495
-32.8878
-36.5583
-40.6711
-45.4906
-51.4137
-58.9543
-68.622
-80.8099
-95.4572
-111.389
-126.012
-138.149
-147.728
-155.115
-160.763
-165.108
-168.573
-171.482
-174.049
-176.405
-178.625
-180.755
-182.823
-184.843
-186.826
-188.778
-190.703
-192.605
-194.486
-196.348
-198.193
-200.021
-201.836
-203.637
-205.426
-207.204
-208.973
-210.733
-212.486
-214.231
-215.971
-217.706
-219.437
-221.164
-222.888
-224.609
-226.33
-228.049
-229.767
-231.485
-233.203
-234.921
-236.641
-238.362
-240.084
-241.807
-243.533
-245.261
-246.991
-248.723
-250.458
-252.195
-253.936
-255.678
-257.424
-259.172
-260.924
-262.678
-264.434
-266.194
-267.956
-269.72
-271.487
-273.257
-275.029
-276.803
-278.579
-280.357
-282.136
-283.918
-285.701
-287.485
-289.271
-291.057
-292.845
-294.633
-296.422
-298.211
-300

0
-2.64478
-5.29022
-7.93705
-10.5861
-13.2383
-15.8953
-18.5596
-21.2359
-23.9329
-26.6681
-29.4762
-32.4279
-35.6675
-39.4832
-44.4145
-51.312
-61.0556
-74.6797
-92.9712
-114.67
-132.957
-146.575
-156.311
-163.179
-167.963
-171.266
-173.741
-175.812
-177.701
-179.514
-181.299
-183.076
-184.851
-186.628
-188.406
-190.184
-191.959
-193.732
-195.501
-197.265
-199.024
-200.778
-202.526
-204.268
-206.006
-207.739
-209.467
-211.191
-212.911
-214.628
-216.343
-218.055
-219.765
-221.473
-223.18
-224.887
-226.594
-228.3
-230.007
-231.714
-233.423
-235.133
-236.844
-238.557
-240.272
-241.988
-243.708
-245.429
-247.153
-248.88
-250.609
-252.341
-254.076
-255.813
-257.553
-259.297
-261.043
-262.791
-264.543
-266.297
-268.054
-269.813
-271.575
-273.339
-275.106
-276.874
-278.645
-280.418
-282.192
-283.968
-285.746
-287.524
-289.304
-291.086
-292.867
-294.65
-296.433
-298.216
-300

0
-2.45055
-4.8978
-7.33822
-9.76783
-12.1819
-14.5748
-16.9394
-19.267
-21.5471
-23.7682
-25.921
-28.0097
-30.0876
-32.3604
-35.4493
-40.8235
-49.6088
-63.8821
-87.0777
-121.364
-144.571
-158.883
-167.762
-173.327
-176.644
-178.25
-179.314
-180.325
-181.43
-182.653
-183.981
-185.396
-186.878
-188.413
-189.987
-191.591
-193.218
-194.863
-196.52
-198.187
-199.861
-201.539
-203.221
-204.905
-206.591
-208.278
-209.965
-211.653
-213.34
-215.028
-216.717
-218.405
-220.094
-221.784
-223.474
-225.165
-226.858
-228.551
-230.246
-231.943
-233.642
-235.342
-237.045
-238.75
-240.458
-242.167
-243.88
-245.595
-247.313
-249.034
-250.757
-252.483
-254.213
-255.945
-257.68
-259.418
-261.159
-262.902
-264.649
-266.398
-268.15
-269.904
-271.661
-273.42
-275.181
-276.944
-278.71
-280.477
-282.246
-284.017
-285.789
-287.563
-289.337
-291.113
-292.889
-294.666
-296.444
-298.222
-300

0
-2.25963
-4.51221
-6.7502
-8.96512
-11.1468
-13.2826
-15.3562
-17.3457
-19.2204
-20.9368
-22.4299
-23.6021
-24.313
-24.4213
-24.1986
-26.924
-32.6738
-44.1624
-70.0938
-139.135
-165.082
-176.623
-182.527
-185.722
-187.036
-185.778
-184.939
-184.743
-185.04
-185.685
-186.578
-187.65
-188.854
-190.157
-191.537
-192.976
-194.46
-195.981
-197.531
-199.103
-200.693
-202.298
-203.915
-205.541
-207.175
-208.816
-210.463
-212.114
-213.769
-215.428
-217.09
-218.755
-220.423
-222.094
-223.767
-225.442
-227.12
-228.801
-230.484
-232.17
-233.859
-235.55
-237.244
-238.941
-240.641
-242.344
-244.05
-245.758
-247.47
-249.185
-250.902
-252.623
-254.347
-256.074
-257.804
-259.537
-261.272
-263.011
-264.752
-266.496
-268.243
-269.992
-271.744
-273.498
-275.254
-277.012
-278.773
-280.535
-282.299
-284.064
-285.831
-287.6
-289.369
-291.139
-292.91
-294.682
-296.455
-298.227
-300

0
-2.07577
-4.14119
-6.18527
-8.19562
-10.1575
-12.0527
-13.8572
-15.539
-17.0521
-18.3285
-19.2596
-19.656
-19.1409
-16.8134
-10
-10
-10
-10
-10
-200
-200
-200
-200
-200
-200
-192.887
-189.92
-188.667
-188.301
-188.471
-188.995
-189.771
-190.729
-191.826
-193.029
-194.315
-195.666
-197.071
-198.518
-200
-201.51
-203.044
-204.598
-206.169
-207.753
-209.35
-210.956
-212.572
-214.195
-215.825
-217.461
-219.103
-220.75
-222.401
-224.057
-225.717
-227.381
-229.048
-230.72
-232.395
-234.073
-235.755
-237.441
-239.13
-240.822
-242.517
-244.216
-245.918
-247.624
-249.333
-251.045
-252.76
-254.478
-256.2
-257.925
-259.652
-261.383
-263.117
-264.853
-266.592
-268.334
-270.078
-271.825
-273.574
-275.325
-277.078
-278.834
-280.591
-282.35
-284.11
-285.872
-287.635
-289.4
-291.165
-292.931
-294.698
-296.465
-298.232
-300

0
-1.90225
-3.79152
-5.65407
-7.47457
-9.23501
-10.9133
-12.4811
-13.9008
-15.1206
-16.0656
-16.624
-16.6215
-15.7813
-13.6911
-10
-10
-10
-10
-10
-200
-200
-200
-200
-200
-200
-195.85
-193.188
-191.705
-191.027
-190.901
-191.163
-191.708
-192.467
-193.388
-194.437
-195.588
-196.82
-198.118
-199.471
-200.869
-202.304
-203.771
-205.266
-206.783
-208.319
-209.872
-211.44
-213.021
-214.613
-216.215
-217.826
-219.445
-221.071
-222.704
-224.343
-225.988
-227.637
-229.292
-230.952
-232.616
-234.284
-235.957
-237.634
-239.315
-240.999
-242.688
-244.38
-246.076
-247.775
-249.478
-251.184
-252.894
-254.607
-256.323
-258.043
-259.765
-261.491
-263.219
-264.951
-266.685
-268.422
-270.161
-271.903
-273.648
-275.394
-277.143
-278.893
-280.645
-282.399
-284.155
-285.912
-287.67
-289.429
-291.19
-292.951
-294.713
-296.475
-298.237
-300

0
-1.74171
-3.46856
-5.16493
-6.81359
-8.39467
-9.88434
-11.253
-12.4627
-13.4637
-14.1892
-14.5492
-14.4245
-13.6716
-12.17
-10
-10
-10
-10
-10
-200
-200
-200
-200
-200
-200
-197.326
-195.277
-193.938
-193.203
-192.942
-193.046
-193.433
-194.041
-194.823
-195.744
-196.779
-197.906
-199.11
-200.378
-201.7
-203.066
-204.472
-205.91
-207.377
-208.868
-210.381
-211.912
-213.46
-215.022
-216.597
-218.184
-219.781
-221.387
-223.001
-224.624
-226.253
-227.889
-229.531
-231.179
-232.833
-234.491
-236.155
-237.823
-239.496
-241.173
-242.854
-244.54
-246.229
-247.922
-249.619
-251.32
-253.024
-254.732
-256.443
-258.158
-259.875
-261.596
-263.32
-265.046
-266.776
-268.508
-270.243
-271.98
-273.719
-275.461
-277.205
-278.95
-280.698
-282.447
-284.198
-285.95
-287.704
-289.458
-291.214
-292.97
-294.727
-296.484
-298.242
-300

0
-1.59603
-3.17608
-4.7235
-6.22019
-7.64574
-8.97642
-10.1838
-11.2334
-12.0824
-12.6785
-12.9591
-12.8559
-12.3106
-11.3171
-10
-10
-10
-10
-10
-200
-200
-200
-200
-200
-200
-198.176
-196.657
-195.567
-194.903
-194.618
-194.648
-194.938
-195.441
-196.118
-196.938
-197.878
-198.917
-200.039
-201.232
-202.485
-203.79
-205.139
-206.526
-207.947
-209.396
-210.871
-212.368
-213.884
-215.418
-216.968
-218.531
-220.107
-221.694
-223.291
-224.897
-226.512
-228.135
-229.765
-231.401
-233.044
-234.693
-236.348
-238.008
-239.673
-241.343
-243.017
-244.696
-246.379
-248.066
-249.757
-251.452
-253.151
-254.854
-256.56
-258.269
-259.982
-261.698
-263.417
-265.139
-266.864
-268.591
-270.321
-272.054
-273.789
-275.526
-277.265
-279.006
-280.749
-282.494
-284.24
-285.988
-287.736
-289.486
-291.237
-292.989
-294.741
-296.494
-298.247
-300

0
-1.46632
-2.91624
-4.33281
-5.69792
-6.99169
-8.19176
-9.27254
-10.2046
-10.954
-11.4831
-11.7529
-11.7294
-11.398
-10.7877
-10
-10
-10
-10
-10
-200
-200
-200
-200
-200
-200
-198.72
-197.609
-196.768
-196.227
-195.977
-195.989
-196.23
-196.667
-197.27
-198.014
-198.877
-199.844
-200.897
-202.026
-203.22
-204.47
-205.768
-207.109
-208.488
-209.898
-211.338
-212.803
-214.291
-215.799
-217.324
-218.866
-220.422
-221.99
-223.571
-225.162
-226.763
-228.373
-229.991
-231.617
-233.25
-234.89
-236.536
-238.188
-239.845
-241.508
-243.175
-244.848
-246.525
-248.206
-249.892
-251.581
-253.275
-254.972
-256.673
-258.378
-260.086
-261.797
-263.511
-265.229
-266.949
-268.672
-270.397
-272.125
-273.856
-275.589
-277.323
-279.06
-280.799
-282.539
-284.28
-286.024
-287.768
-289.513
-291.26
-293.007
-294.755
-296.503
-298.251
-300

0
-1.35301
-2.68976
-3.99357
-5.24699
-6.43133
-7.52638
-8.51003
-9.35833
-10.0459
-10.5472
-10.8399
-10.9106
-10.7642
-10.4358
-10
-10
-10
-10
-10
-200
-200
-200
-200
-200
-200
-199.094
-198.292
-197.668
-197.26
-197.074
-197.102
-197.327
-197.726
-198.28
-198.969
-199.775
-200.683
-201.68
-202.755
-203.898
-205.1
-206.355
-207.655
-208.996
-210.372
-211.78
-213.217
-214.678
-216.161
-217.665
-219.186
-220.724
-222.276
-223.841
-225.418
-227.006
-228.604
-230.211
-231.826
-233.45
-235.08
-236.718
-238.362
-240.012
-241.668
-243.329
-244.995
-246.666
-248.342
-250.022
-251.706
-253.395
-255.087
-256.783
-258.483
-260.186
-261.893
-263.603
-265.316
-267.031
-268.75
-270.471
-272.195
-273.921
-275.649
-277.38
-279.112
-280.846
-282.582
-284.32
-286.058
-287.798
-289.539
-291.281
-293.024
-294.768
-296.511
-298.256
-300

0
-1.25597
-2.4962
-3.70473
-4.86512
-5.96029
-6.97238
-7.88287
-8.67286
-9.32394
-9.81978
-10.1489
-10.3091
-10.3124
-10.1913
-10
-10
-10
-10
-10
-200
-200
-200
-200
-200
-200
-199.364
-198.797
-198.354
-198.069
-197.957
-198.019
-198.248
-198.632
-199.156
-199.807
-200.57
-201.433
-202.386
-203.417
-204.517
-205.679
-206.896
-208.161
-209.468
-210.815
-212.195
-213.605
-215.043
-216.504
-217.988
-219.491
-221.011
-222.548
-224.098
-225.662
-227.238
-228.825
-230.421
-232.027
-233.642
-235.264
-236.894
-238.53
-240.173
-241.822
-243.477
-245.137
-246.803
-248.473
-250.148
-251.827
-253.511
-255.198
-256.89
-258.585
-260.284
-261.986
-263.691
-265.4
-267.111
-268.826
-270.542
-272.262
-273.984
-275.708
-277.434
-279.162
-280.892
-282.624
-284.357
-286.092
-287.828
-289.565
-291.302
-293.041
-294.78
-296.52
-298.26
-300

0
-1.17465
-2.33435
-3.46403
-4.54849
-5.57231
-6.52
-7.37622
-8.12632
-8.75726
-9.25908
-9.62701
-9.86429
-9.98512
-10.0169
-10
-10
-10
-10
-10
-200
-200
-200
-200
-200
-200
-199.564
-199.178
-198.882
-198.706
-198.666
-198.77
-199.015
-199.396
-199.905
-200.532
-201.265
-202.095
-203.013
-204.008
-205.074
-206.203
-207.388
-208.623
-209.903
-211.223
-212.579
-213.967
-215.383
-216.826
-218.291
-219.778
-221.283
-222.805
-224.343
-225.895
-227.46
-229.036
-230.623
-232.22
-233.826
-235.441
-237.063
-238.692
-240.329
-241.972
-243.62
-245.275
-246.935
-248.6
-250.269
-251.944
-253.623
-255.306
-256.993
-258.683
-260.378
-262.076
-263.777
-265.481
-267.188
-268.898
-270.611
-272.327
-274.045
-275.765
-277.487
-279.211
-280.937
-282.665
-284.394
-286.124
-287.856
-289.589
-291.323
-293.057
-294.792
-296.528
-298.264
-300

0
-1.10829
-2.2025
-3.26857
-4.29249
-5.26047
-6.15908
-6.97568
-7.69893
-8.3197
-8.83225
-9.23574
-9.53596
-9.74685
-9.89126
-10
-10
-10
-10
-10
-200
-200
-200
-200
-200
-200
-199.716
-199.468
-199.29
-199.206
-199.232
-199.378
-199.646
-200.034
-200.537
-201.15
-201.863
-202.67
-203.561
-204.53
-205.569
-206.671
-207.83
-209.041
-210.297
-211.595
-212.931
-214.299
-215.698
-217.124
-218.574
-220.046
-221.538
-223.048
-224.574
-226.115
-227.67
-229.237
-230.815
-232.404
-234.002
-235.609
-237.225
-238.848
-240.478
-242.115
-243.758
-245.407
-247.062
-248.722
-250.387
-252.056
-253.731
-255.409
-257.092
-258.778
-260.468
-262.162
-263.859
-265.559
-267.263
-268.969
-270.678
-272.389
-274.103
-275.819
-277.537
-279.258
-280.98
-282.704
-284.429
-286.156
-287.883
-289.612
-291.342
-293.073
-294.804
-296.536
-298.268
-300

0
-1.05602
-2.09881
-3.11524
-4.09244
-5.01799
-5.88019
-6.66848
-7.37401
-7.99037
-8.51449
-8.94775
-9.29695
-9.57505
-9.80126
-10
-10
-10
-10
-10
-200
-200
-200
-200
-200
-200
-199.83
-199.69
-199.605
-199.596
-199.679
-199.864
-200.156
-200.556
-201.061
-201.667
-202.368
-203.159
-204.033
-204.982
-206.001
-207.083
-208.222
-209.413
-210.651
-211.931
-213.249
-214.602
-215.986
-217.397
-218.834
-220.294
-221.775
-223.274
-224.79
-226.322
-227.868
-229.426
-230.997
-232.578
-234.169
-235.77
-237.379
-238.996
-240.62
-242.252
-243.89
-245.534
-247.183
-248.839
-250.499
-252.164
-253.834
-255.508
-257.187
-258.869
-260.555
-262.245
-263.938
-265.635
-267.334
-269.036
-270.741
-272.449
-274.159
-275.872
-277.586
-279.303
-281.021
-282.741
-284.463
-286.186
-287.91
-289.635
-291.361
-293.088
-294.815
-296.543
-298.272
-300

0
-1.01698
-2.02147
-3.00113
-3.94404
-4.83885
-5.6752
-6.44405
-7.13828
-7.75326
-8.28759
-8.74382
-9.12904
-9.45516
-9.73874
-10
-10
-10
-10
-10
-200
-200
-200
-200
-200
-200
-199.916
-199.856
-199.842
-199.893
-200.024
-200.244
-200.559
-200.972
-201.483
-202.088
-202.784
-203.566
-204.428
-205.364
-206.369
-207.436
-208.561
-209.738
-210.962
-212.228
-213.533
-214.874
-216.246
-217.646
-219.072
-220.522
-221.993
-223.483
-224.991
-226.514
-228.053
-229.604
-231.167
-232.742
-234.327
-235.922
-237.525
-239.137
-240.756
-242.382
-244.015
-245.655
-247.3
-248.951
-250.607
-252.268
-253.934
-255.604
-257.278
-258.957
-260.639
-262.325
-264.014
-265.707
-267.403
-269.101
-270.803
-272.507
-274.213
-275.922
-277.633
-279.346
-281.061
-282.777
-284.495
-286.214
-287.935
-289.656
-291.379
-293.102
-294.826
-296.551
-298.275
-300

0
-0.990439
-1.96894
-2.9238
-3.84373
-4.71819
-5.5377
-6.29425
-6.9818
-7.59681
-8.1388
-8.61091
-9.02021
-9.37782
-9.69852
-10
-10
-10
-10
-10
-200
-200
-200
-200
-200
-200
-199.977
-199.976
-200.015
-200.112
-200.279
-200.528
-200.864
-201.291
-201.81
-202.419
-203.114
-203.893
-204.749
-205.678
-206.675
-207.733
-208.849
-210.016
-211.23
-212.487
-213.783
-215.114
-216.477
-217.869
-219.287
-220.729
-222.192
-223.675
-225.176
-226.693
-228.224
-229.769
-231.327
-232.896
-234.476
-236.065
-237.663
-239.27
-240.885
-242.506
-244.135
-245.77
-247.411
-249.058
-250.71
-252.367
-254.029
-255.695
-257.366
-259.04
-260.719
-262.401
-264.087
-265.776
-267.468
-269.164
-270.861
-272.562
-274.265
-275.97
-277.678
-279.387
-281.099
-282.812
-284.526
-286.242
-287.959
-289.677
-291.396
-293.116
-294.837
-296.557
-298.279
-300

0
-0.975829
-1.94007
-2.88138
-3.78889
-4.65247
-5.46315
-6.21345
-6.89786
-7.51336
-8.05989
-8.5408
-8.96308
-9.33737
-9.67755
-10
-10
-10
-10
-10
-200
-200
-200
-200
-200
-200
-200.018
-200.055
-200.13
-200.259
-200.453
-200.725
-201.079
-201.519
-202.047
-202.663
-203.362
-204.142
-204.998
-205.925
-206.919
-207.973
-209.084
-210.246
-211.455
-212.707
-213.997
-215.322
-216.68
-218.066
-219.478
-220.914
-222.372
-223.849
-225.345
-226.856
-228.383
-229.923
-231.475
-233.04
-234.615
-236.199
-237.793
-239.396
-241.006
-242.624
-244.248
-245.879
-247.516
-249.159
-250.807
-252.461
-254.119
-255.782
-257.449
-259.12
-260.795
-262.474
-264.157
-265.842
-267.531
-269.223
-270.918
-272.615
-274.315
-276.017
-277.721
-279.427
-281.135
-282.845
-284.556
-286.268
-287.982
-289.697
-291.413
-293.129
-294.846
-296.564
-298.282
-300

0
-0.972802
-1.93414
-2.87278
-3.77796
-4.63966
-5.449
-6.19854
-6.88283
-7.49888
-8.04661
-8.52933
-8.95395
-9.33102
-9.67429
-10
-10
-10
-10
-10
-200
-200
-200
-200
-200
-200
-200.039
-200.097
-200.192
-200.339
-200.551
-200.838
-201.206
-201.659
-202.198
-202.822
-203.529
-204.315
-205.175
-206.106
-207.102
-208.157
-209.269
-210.43
-211.638
-212.888
-214.176
-215.499
-216.853
-218.236
-219.645
-221.078
-222.532
-224.006
-225.497
-227.005
-228.527
-230.064
-231.612
-233.173
-234.744
-236.325
-237.915
-239.513
-241.12
-242.734
-244.355
-245.982
-247.616
-249.255
-250.9
-252.55
-254.205
-255.865
-257.528
-259.196
-260.868
-262.544
-264.223
-265.906
-267.591
-269.28
-270.971
-272.665
-274.362
-276.061
-277.762
-279.465
-281.17
-282.876
-284.584
-286.294
-288.004
-289.716
-291.429
-293.142
-294.856
-296.57
-298.285
-300

0
-0.981238
-1.95091
-2.89764
-3.8105
-4.67923
-5.49463
-6.24887
-6.93606
-7.55271
-8.09834
-8.57594
-8.99238
-9.35847
-9.68861
-10
-10
-10
-10
-10
-200
-200
-200
-200
-200
-200
-200.041
-200.103
-200.202
-200.355
-200.575
-200.871
-201.249
-201.713
-202.264
-202.899
-203.617
-204.413
-205.282
-206.221
-207.224
-208.286
-209.402
-210.568
-211.779
-213.031
-214.321
-215.644
-216.999
-218.381
-219.789
-221.22
-222.673
-224.144
-225.633
-227.139
-228.658
-230.192
-231.738
-233.295
-234.863
-236.441
-238.028
-239.623
-241.227
-242.837
-244.455
-246.08
-247.71
-249.346
-250.988
-252.635
-254.286
-255.943
-257.604
-259.269
-260.937
-262.61
-264.286
-265.966
-267.648
-269.334
-271.022
-272.713
-274.407
-276.103
-277.801
-279.501
-281.203
-282.906
-284.611
-286.318
-288.025
-289.734
-291.444
-293.154
-294.865
-296.576
-298.288
-300

0
-1.00124
-1.99061
-2.95637
-3.88716
-4.77215
-5.60141
-6.36626
-7.05982
-7.67757
-8.21809
-8.68371
-9.08117
-9.42187
-9.72166
-10
-10
-10
-10
-10
-200
-200
-200
-200
-200
-200
-200.024
-200.07
-200.157
-200.304
-200.522
-200.821
-201.207
-201.681
-202.244
-202.894
-203.626
-204.437
-205.321
-206.273
-207.288
-208.361
-209.487
-210.661
-211.879
-213.137
-214.431
-215.759
-217.116
-218.501
-219.91
-221.342
-222.794
-224.265
-225.754
-227.258
-228.776
-230.308
-231.852
-233.407
-234.973
-236.548
-238.133
-239.725
-241.326
-242.934
-244.549
-246.171
-247.798
-249.432
-251.071
-252.715
-254.363
-256.017
-257.675
-259.337
-261.003
-262.673
-264.346
-266.023
-267.702
-269.385
-271.071
-272.759
-274.45
-276.143
-277.838
-279.535
-281.234
-282.935
-284.637
-286.34
-288.045
-289.751
-291.458
-293.165
-294.873
-296.582
-298.291
-300

0
-1.03313
-2.05391
-3.05009
-4.00961
-4.92079
-5.77259
-6.55495
-7.25939
-7.87967
-8.41273
-8.85965
-9.22673
-9.52617
-9.77618
-10
-10
-10
-10
-10
-200
-200
-200
-200
-200
-200
-199.985
-199.995
-200.054
-200.181
-200.388
-200.685
-201.075
-201.561
-202.139
-202.806
-203.557
-204.388
-205.291
-206.262
-207.294
-208.383
-209.523
-210.71
-211.939
-213.206
-214.509
-215.843
-217.206
-218.595
-220.008
-221.443
-222.897
-224.369
-225.858
-227.363
-228.881
-230.412
-231.955
-233.509
-235.073
-236.646
-238.229
-239.82
-241.418
-243.024
-244.637
-246.256
-247.881
-249.512
-251.148
-252.789
-254.436
-256.087
-257.742
-259.401
-261.065
-262.732
-264.402
-266.076
-267.753
-269.434
-271.116
-272.802
-274.49
-276.18
-277.873
-279.567
-281.264
-282.962
-284.661
-286.362
-288.064
-289.767
-291.471
-293.176
-294.882
-296.587
-298.294
-300

0
-1.07736
-2.14182
-3.18047
-4.18041
-5.12883
-6.0132
-6.82156
-7.54311
-8.16901
-8.69349
-9.11542
-9.43992
-9.67991
-9.85689
-10
-10
-10
-10
-10
-200
-200
-200
-200
-200
-200
-199.92
-199.872
-199.884
-199.977
-200.164
-200.455
-200.849
-201.347
-201.944
-202.634
-203.41
-204.265
-205.194
-206.189
-207.244
-208.353
-209.512
-210.716
-211.96
-213.241
-214.555
-215.899
-217.27
-218.666
-220.085
-221.524
-222.982
-224.457
-225.948
-227.454
-228.972
-230.504
-232.047
-233.6
-235.163
-236.736
-238.317
-239.906
-241.503
-243.107
-244.718
-246.335
-247.958
-249.586
-251.221
-252.86
-254.504
-256.152
-257.805
-259.462
-261.123
-262.787
-264.456
-266.127
-267.802
-269.479
-271.16
-272.843
-274.528
-276.216
-277.906
-279.598
-281.292
-282.987
-284.684
-286.382
-288.082
-289.783
-291.484
-293.186
-294.889
-296.593
-298.296
-300

0
-1.13449
-2.25553
-3.34955
-4.40272
-5.40092
-6.32981
-7.17498
-7.9225
-8.55975
-9.07682
-9.46863
-9.73761
-9.89668
-9.97145
-10
-10
-10
-10
-10
-200
-200
-200
-200
-200
-200
-199.824
-199.69
-199.633
-199.678
-199.838
-200.12
-200.52
-201.035
-201.656
-202.375
-203.182
-204.07
-205.03
-206.055
-207.139
-208.275
-209.457
-210.682
-211.945
-213.243
-214.571
-215.928
-217.31
-218.715
-220.141
-221.586
-223.05
-224.529
-226.023
-227.531
-229.052
-230.584
-232.128
-233.681
-235.245
-236.817
-238.397
-239.985
-241.581
-243.183
-244.793
-246.408
-248.029
-249.656
-251.288
-252.925
-254.567
-256.213
-257.864
-259.519
-261.177
-262.84
-264.506
-266.175
-267.847
-269.522
-271.2
-272.881
-274.564
-276.25
-277.937
-279.627
-281.318
-283.011
-284.706
-286.402
-288.099
-289.797
-291.496
-293.196
-294.896
-296.597
-298.299
-300

0
-1.20507
-2.39628
-3.55948
-4.67999
-5.74234
-6.73013
-7.62605
-8.41216
-9.07066
-9.58541
-9.94467
-10.1452
-10.1977
-10.1322
-10
-10
-10
-10
-10
-200
-200
-200
-200
-200
-200
-199.686
-199.43
-199.28
-199.263
-199.392
-199.666
-200.078
-200.617
-201.271
-202.027
-202.875
-203.803
-204.802
-205.864
-206.982
-208.149
-209.36
-210.61
-211.896
-213.213
-214.559
-215.931
-217.326
-218.742
-220.178
-221.631
-223.101
-224.586
-226.085
-227.596
-229.12
-230.654
-232.199
-233.754
-235.317
-236.889
-238.469
-240.057
-241.652
-243.253
-244.861
-246.475
-248.095
-249.72
-251.351
-252.986
-254.626
-256.27
-257.919
-259.572
-261.228
-262.889
-264.552
-266.219
-267.889
-269.563
-271.238
-272.917
-274.598
-276.281
-277.966
-279.654
-281.343
-283.034
-284.726
-286.42
-288.115
-289.811
-291.507
-293.205
-294.903
-296.602
-298.301
-300

0
-1.28951
-2.56503
-3.81211
-5.01543
-6.15831
-7.22232
-8.18694
-9.02945
-9.72531
-10.2495
-10.5794
-10.7009
-10.6168
-10.3597
-10
-10
-10
-10
-10
-200
-200
-200
-200
-200
-200
-199.488
-199.065
-198.794
-198.703
-198.8
-199.073
-199.508
-200.084
-200.783
-201.589
-202.487
-203.465
-204.511
-205.617
-206.775
-207.979
-209.223
-210.503
-211.815
-213.156
-214.522
-215.911
-217.321
-218.75
-220.197
-221.66
-223.138
-224.629
-226.133
-227.649
-229.176
-230.714
-232.261
-233.817
-235.381
-236.954
-238.534
-240.122
-241.716
-243.317
-244.924
-246.537
-248.156
-249.779
-251.408
-253.042
-254.68
-256.323
-257.97
-259.621
-261.276
-262.934
-264.596
-266.261
-267.929
-269.6
-271.274
-272.95
-274.629
-276.31
-277.994
-279.679
-281.366
-283.055
-284.745
-286.437
-288.129
-289.823
-291.518
-293.213
-294.91
-296.606
-298.303
-300

0
-1.38794
-2.76221
-4.1085
-5.4113
-6.65315
-7.8139
-8.86993
-9.79338
-10.5516
-11.1078
-11.4227
-11.4619
-11.2091
-10.6897
-10
-10
-10
-10
-10
-200
-200
-200
-200
-200
-200
-199.202
-198.549
-198.126
-197.957
-198.031
-198.32
-198.796
-199.427
-200.188
-201.059
-202.02
-203.058
-204.16
-205.318
-206.523
-207.769
-209.051
-210.365
-211.706
-213.072
-214.461
-215.87
-217.297
-218.741
-220.2
-221.674
-223.161
-224.66
-226.17
-227.692
-229.223
-230.764
-232.313
-233.871
-235.438
-237.011
-238.592
-240.18
-241.774
-243.375
-244.981
-246.593
-248.211
-249.833
-251.461
-253.094
-254.73
-256.372
-258.017
-259.666
-261.319
-262.976
-264.636
-266.299
-267.966
-269.635
-271.307
-272.981
-274.658
-276.338
-278.019
-279.702
-281.388
-283.074
-284.763
-286.452
-288.143
-289.835
-291.528
-293.221
-294.916
-296.61
-298.305
-300

0
-1.50006
-2.98735
-4.44839
-5.86813
-7.22908
-8.5102
-9.68552
-10.7225
-11.5801
-12.2072
-12.5418
-12.5151
-12.0678
-11.1901
-10
-10
-10
-10
-10
-200
-200
-200
-200
-200
-200
-198.77
-197.804
-197.204
-196.967
-197.045
-197.382
-197.928
-198.64
-199.485
-200.437
-201.476
-202.586
-203.754
-204.971
-206.23
-207.523
-208.847
-210.198
-211.572
-212.966
-214.38
-215.81
-217.256
-218.716
-220.189
-221.675
-223.172
-224.679
-226.197
-227.724
-229.26
-230.805
-232.358
-233.918
-235.486
-237.061
-238.643
-240.231
-241.826
-243.426
-245.033
-246.644
-248.261
-249.883
-251.509
-253.141
-254.776
-256.416
-258.06
-259.708
-261.36
-263.015
-264.673
-266.335
-267.999
-269.667
-271.337
-273.01
-274.685
-276.363
-278.043
-279.724
-281.407
-283.092
-284.779
-286.467
-288.156
-289.846
-291.537
-293.229
-294.921
-296.614
-298.307
-300

0
-1.62493
-3.23876
-4.82957
-6.38374
-7.88485
-9.3123
-10.6394
-11.831
-12.8392
-13.5991
-14.0219
-13.9891
-13.3568
-12.0027
-10
-10
-10
-10
-10
-200
-200
-200
-200
-200
-200
-198.074
-196.691
-195.92
-195.663
-195.801
-196.236
-196.894
-197.72
-198.675
-199.729
-200.862
-202.056
-203.3
-204.584
-205.901
-207.247
-208.617
-210.008
-211.417
-212.842
-214.282
-215.735
-217.201
-218.678
-220.166
-221.664
-223.172
-224.688
-226.214
-227.747
-229.289
-230.838
-232.394
-233.958
-235.528
-237.105
-238.688
-240.277
-241.872
-243.473
-245.079
-246.69
-248.306
-249.927
-251.553
-253.183
-254.818
-256.457
-258.1
-259.746
-261.396
-263.05
-264.707
-266.367
-268.03
-269.697
-271.365
-273.037
-274.71
-276.386
-278.064
-279.744
-281.426
-283.109
-284.794
-286.48
-288.168
-289.856
-291.545
-293.235
-294.926
-296.617
-298.308
-300

0
-1.76091
-3.51318
-5.2474
-6.95242
-8.61428
-10.2147
-11.729
-13.1227
-14.3466
-15.3283
-15.9578
-16.0625
-15.3678
-13.4641
-10
-10
-10
-10
-10
-200
-200
-200
-200
-200
-200
-196.833
-194.968
-194.123
-193.963
-194.259
-194.866
-195.691
-196.671
-197.765
-198.944
-200.186
-201.476
-202.804
-204.163
-205.545
-206.947
-208.366
-209.8
-211.246
-212.703
-214.171
-215.648
-217.135
-218.63
-220.133
-221.644
-223.163
-224.689
-226.222
-227.763
-229.31
-230.864
-232.424
-233.991
-235.563
-237.142
-238.726
-240.317
-241.912
-243.513
-245.119
-246.731
-248.347
-249.967
-251.592
-253.222
-254.856
-256.494
-258.135
-259.781
-261.43
-263.082
-264.738
-266.397
-268.059
-269.723
-271.391
-273.061
-274.733
-276.407
-278.084
-279.762
-281.442
-283.124
-284.808
-286.492
-288.178
-289.865
-291.553
-293.241
-294.931
-296.62
-298.31
-300

0
-1.90551
-3.80567
-5.69443
-7.56425
-9.40514
-11.2033
-12.9391
-14.5842
-16.0961
-17.4096
-18.4183
-18.9353
-18.5876
-16.4857
-10
-10
-10
-10
-10
-200
-200
-200
-200
-200
-200
-194.291
-192.224
-191.642
-191.807
-192.407
-193.279
-194.332
-195.509
-196.771
-198.094
-199.461
-200.859
-202.279
-203.717
-205.169
-206.631
-208.101
-209.579
-211.063
-212.554
-214.05
-215.552
-217.06
-218.573
-220.092
-221.617
-223.147
-224.683
-226.224
-227.771
-229.324
-230.883
-232.447
-234.017
-235.593
-237.173
-238.76
-240.351
-241.947
-243.549
-245.155
-246.767
-248.382
-250.003
-251.628
-253.256
-254.89
-256.527
-258.167
-259.812
-261.46
-263.111
-264.766
-266.423
-268.084
-269.748
-271.414
-273.082
-274.753
-276.426
-278.102
-279.779
-281.458
-283.138
-284.82
-286.503
-288.188
-289.873
-291.56
-293.247
-294.935
-296.623
-298.311
-300

0
-2.05547
-4.10956
-6.16038
-8.205
-10.2387
-12.2542
-14.24
-16.1788
-18.0442
-19.7956
-21.3706
-22.673
-23.5617
-23.8912
-23.912
-26.798
-32.6879
-44.3146
-70.3877
-139.576
-165.677
-177.382
-183.472
-186.904
-188.59
-188.109
-187.994
-188.412
-189.218
-190.281
-191.511
-192.851
-194.261
-195.717
-197.202
-198.705
-200.218
-201.737
-203.259
-204.782
-206.305
-207.829
-209.352
-210.875
-212.399
-213.924
-215.451
-216.98
-218.511
-220.046
-221.583
-223.125
-224.67
-226.22
-227.775
-229.333
-230.897
-232.465
-234.039
-235.617
-237.2
-238.788
-240.38
-241.978
-243.58
-245.187
-246.798
-248.414
-250.034
-251.658
-253.287
-254.919
-256.556
-258.196
-259.839
-261.486
-263.137
-264.791
-266.447
-268.107
-269.769
-271.434
-273.102
-274.771
-276.443
-278.117
-279.793
-281.471
-283.15
-284.831
-286.513
-288.197
-289.881
-291.566
-293.252
-294.938
-296.625
-298.313
-300

0
-2.20682
-4.41672
-6.63254
-8.85665
-11.0906
-13.3348
-15.588
-17.847
-20.1062
-22.3579
-24.5956
-26.8242
-29.0949
-31.6054
-34.9589
-40.5921
-49.6389
-64.1828
-87.6602
-122.239
-145.751
-160.38
-169.601
-175.554
-179.346
-181.559
-183.232
-184.794
-186.372
-187.988
-189.634
-191.298
-192.967
-194.634
-196.292
-197.938
-199.572
-201.192
-202.8
-204.395
-205.98
-207.556
-209.124
-210.686
-212.243
-213.796
-215.347
-216.897
-218.446
-219.996
-221.547
-223.099
-224.654
-226.212
-227.773
-229.338
-230.906
-232.479
-234.055
-235.636
-237.221
-238.811
-240.405
-242.003
-243.606
-245.214
-246.825
-248.441
-250.061
-251.685
-253.313
-254.945
-256.581
-258.221
-259.864
-261.51
-263.16
-264.812
-266.468
-268.127
-269.788
-271.452
-273.119
-274.788
-276.459
-278.132
-279.806
-281.483
-283.161
-284.841
-286.522
-288.204
-289.887
-291.572
-293.256
-294.942
-296.628
-298.314
-300

0
-2.35509
-4.71795
-7.09643
-9.49845
-11.9322
-14.4063
-16.9301
-19.515
-22.1756
-24.9343
-27.8296
-30.9334
-34.3884
-38.4766
-43.726
-50.9728
-61.0927
-75.1177
-93.8312
-115.969
-134.707
-148.786
-158.998
-166.364
-171.681
-175.551
-178.582
-181.159
-183.487
-185.664
-187.74
-189.74
-191.676
-193.559
-195.393
-197.185
-198.939
-200.66
-202.352
-204.019
-205.664
-207.291
-208.903
-210.502
-212.091
-213.671
-215.245
-216.815
-218.381
-219.945
-221.508
-223.071
-224.635
-226.201
-227.768
-229.338
-230.911
-232.488
-234.067
-235.651
-237.238
-238.83
-240.425
-242.025
-243.628
-245.236
-246.848
-248.464
-250.084
-251.708
-253.336
-254.968
-256.603
-258.242
-259.884
-261.53
-263.179
-264.831
-266.486
-268.144
-269.805
-271.468
-273.134
-274.802
-276.472
-278.144
-279.818
-281.493
-283.171
-284.85
-286.53
-288.211
-289.893
-291.576
-293.26
-294.945
-296.63
-298.315
-300

0
-2.49558
-5.00358
-7.53676
-10.1085
-12.7335
-15.428
-18.2113
-21.1071
-24.1468
-27.3743
-30.855
-34.6916
-39.0485
-44.1867
-50.4958
-58.4802
-68.6414
-81.3642
-96.5782
-113.098
-128.321
-141.061
-151.24
-159.224
-165.462
-170.382
-174.386
-177.775
-180.752
-183.442
-185.923
-188.245
-190.44
-192.531
-194.536
-196.469
-198.339
-200.157
-201.93
-203.664
-205.367
-207.042
-208.695
-210.328
-211.947
-213.552
-215.148
-216.736
-218.317
-219.895
-221.47
-223.043
-224.615
-226.187
-227.761
-229.336
-230.913
-232.493
-234.076
-235.662
-237.251
-238.844
-240.441
-242.042
-243.646
-245.255
-246.867
-248.483
-250.103
-251.727
-253.355
-254.986
-256.622
-258.26
-259.902
-261.547
-263.196
-264.847
-266.502
-268.159
-269.819
-271.481
-273.146
-274.813
-276.483
-278.154
-279.827
-281.502
-283.179
-284.857
-286.536
-288.217
-289.898
-291.58
-293.263
-294.947
-296.631
-298.315
-300

0
-2.62364
-5.26404
-7.9385
-10.6655
-13.4652
-16.3609
-19.3799
-22.5555
-25.9304
-29.561
-33.5246
-37.9294
-42.9272
-48.7259
-55.5901
-63.811
-73.6284
-85.1195
-98.0187
-111.526
-124.419
-135.895
-145.679
-153.83
-160.56
-166.13
-170.803
-174.804
-178.304
-181.429
-184.266
-186.877
-189.307
-191.591
-193.753
-195.815
-197.792
-199.699
-201.545
-203.342
-205.097
-206.816
-208.505
-210.17
-211.815
-213.443
-215.058
-216.663
-218.258
-219.848
-221.433
-223.015
-224.594
-226.173
-227.752
-229.332
-230.913
-232.496
-234.082
-235.67
-237.261
-238.856
-240.454
-242.055
-243.66
-245.269
-246.882
-248.499
-250.119
-251.743
-253.37
-255.002
-256.636
-258.275
-259.916
-261.561
-263.209
-264.86
-266.514
-268.171
-269.83
-271.492
-273.157
-274.823
-276.492
-278.163
-279.835
-281.51
-283.185
-284.863
-286.541
-288.221
-289.902
-291.584
-293.266
-294.949
-296.632
-298.316
-300

0
-2.73494
-5.49043
-8.28773
-11.1496
-14.101
-17.1707
-20.3918
-23.8045
-27.4582
-31.4147
-35.753
-40.5741
-46.0051
-52.1997
-59.3278
-67.5454
-76.9416
-87.4667
-98.8515
-110.567
-121.934
-132.42
-141.749
-149.858
-156.819
-162.775
-167.892
-172.332
-176.232
-179.704
-182.834
-185.689
-188.321
-190.771
-193.07
-195.245
-197.316
-199.3
-201.211
-203.062
-204.862
-206.619
-208.34
-210.033
-211.7
-213.348
-214.98
-216.598
-218.206
-219.806
-221.399
-222.989
-224.575
-226.159
-227.743
-229.326
-230.911
-232.497
-234.085
-235.675
-237.268
-238.863
-240.463
-242.065
-243.671
-245.28
-246.894
-248.51
-250.131
-251.755
-253.382
-255.013
-256.648
-258.286
-259.927
-261.572
-263.22
-264.87
-266.524
-268.18
-269.839
-271.501
-273.165
-274.831
-276.499
-278.169
-279.841
-281.515
-283.191
-284.867
-286.546
-288.225
-289.905
-291.586
-293.268
-294.951
-296.634
-298.317
-300

0
-2.82569
-5.67501
-8.57242
-11.5441
-14.6187
-17.8288
-21.2121
-24.8127
-28.6831
-32.8866
-37.4987
-42.6088
-48.3193
-54.7402
-61.9759
-70.1012
-79.1258
-88.9543
-99.3537
-109.956
-120.33
-130.104
-139.04
-147.033
-154.084
-160.258
-165.66
-170.4
-174.589
-178.32
-181.676
-184.724
-187.518
-190.102
-192.513
-194.78
-196.927
-198.974
-200.938
-202.833
-204.669
-206.457
-208.205
-209.919
-211.606
-213.269
-214.914
-216.544
-218.162
-219.77
-221.37
-222.966
-224.557
-226.146
-227.733
-229.32
-230.907
-232.495
-234.085
-235.677
-237.271
-238.868
-240.468
-242.071
-243.678
-245.288
-246.901
-248.518
-250.139
-251.763
-253.391
-255.022
-256.656
-258.294
-259.936
-261.58
-263.227
-264.878
-266.531
-268.187
-269.846
-271.507
-273.171
-274.836
-276.504
-278.174
-279.846
-281.519
-283.194
-284.871
-286.549
-288.228
-289.908
-291.588
-293.27
-294.952
-296.634
-298.317
-300

0
-2.89281
-5.81151
-8.78289
-11.8355
-15.0008
-18.3139
-21.8151
-25.5509
-29.575
-33.9499
-38.7464
-44.0432
-49.9232
-56.4657
-63.7344
-71.7576
-80.5061
-89.871
-99.6529
-109.574
-119.325
-128.626
-137.273
-145.151
-152.224
-158.515
-164.088
-169.021
-173.402
-177.312
-180.828
-184.013
-186.924
-189.606
-192.099
-194.434
-196.637
-198.732
-200.735
-202.662
-204.526
-206.337
-208.103
-209.834
-211.534
-213.209
-214.864
-216.502
-218.127
-219.741
-221.347
-222.947
-224.542
-226.134
-227.724
-229.313
-230.903
-232.493
-234.084
-235.677
-237.272
-238.87
-240.471
-242.075
-243.682
-245.292
-246.906
-248.523
-250.144
-251.768
-253.396
-255.027
-256.661
-258.299
-259.94
-261.585
-263.232
-264.882
-266.535
-268.191
-269.85
-271.511
-273.174
-274.84
-276.508
-278.177
-279.849
-281.522
-283.197
-284.873
-286.551
-288.229
-289.909
-291.59
-293.271
-294.953
-296.635
-298.317
-300

0
-2.93403
-5.89533
-8.9121
-12.0144
-15.2351
-18.611
-22.1836
-26.0007
-30.1163
-34.5915
-39.4938
-44.8946
-50.8644
-57.4652
-64.7382
-72.6888
-81.2701
-90.3707
-99.8123
-109.363
-118.771
-127.802
-136.275
-144.073
-151.145
-157.492
-163.155
-168.194
-172.685
-176.699
-180.309
-183.577
-186.558
-189.3
-191.843
-194.219
-196.457
-198.58
-200.607
-202.554
-204.435
-206.26
-208.038
-209.779
-211.487
-213.169
-214.83
-216.474
-218.103
-219.721
-221.33
-222.933
-224.53
-226.124
-227.716
-229.307
-230.897
-232.488
-234.081
-235.675
-237.271
-238.869
-240.47
-242.075
-243.682
-245.293
-246.907
-248.524
-250.145
-251.769
-253.397
-255.029
-256.663
-258.301
-259.942
-261.587
-263.234
-264.884
-266.537
-268.193
-269.852
-271.512
-273.176
-274.841
-276.509
-278.179
-279.85
-281.523
-283.198
-284.874
-286.551
-288.23
-289.91
-291.59
-293.271
-294.953
-296.635
-298.317
-300

0
-2.94797
-5.92368
-8.95579
-12.0748
-15.3142
-18.7112
-22.3078
-26.1519
-30.2978
-34.8061
-39.7428
-45.1768
-51.1746
-57.7925
-65.0646
-72.9892
-81.5147
-90.5295
-99.8623
-109.295
-118.593
-127.537
-135.952
-143.721
-150.79
-157.154
-162.844
-167.918
-172.443
-176.492
-180.132
-183.427
-186.432
-189.194
-191.753
-194.143
-196.393
-198.525
-200.56
-202.514
-204.4
-206.229
-208.012
-209.755
-211.467
-213.151
-214.814
-216.459
-218.09
-219.709
-221.32
-222.923
-224.522
-226.117
-227.709
-229.301
-230.892
-232.483
-234.076
-235.67
-237.267
-238.866
-240.467
-242.072
-243.679
-245.29
-246.904
-248.522
-250.143
-251.768
-253.396
-255.027
-256.662
-258.3
-259.941
-261.585
-263.233
-264.883
-266.536
-268.192
-269.851
-271.512
-273.175
-274.841
-276.508
-278.178
-279.85
-281.523
-283.198
-284.874
-286.551
-288.23
-289.909
-291.59
-293.271
-294.953
-296.635
-298.317
-300

0
-2.93418
-5.89563
-8.91254
-12.0149
-15.2357
-18.6117
-22.1844
-26.0015
-30.117
-34.5922
-39.4945
-44.8951
-50.8648
-57.4655
-64.7384
-72.6889
-81.27
-90.3705
-99.8118
-109.363
-118.77
-127.801
-136.273
-144.071
-151.142
-157.488
-163.15
-168.189
-172.679
-176.692
-180.301
-183.568
-186.548
-189.29
-191.831
-194.207
-196.445
-198.567
-200.594
-202.541
-204.421
-206.246
-208.024
-209.764
-211.473
-213.155
-214.816
-216.459
-218.089
-219.707
-221.317
-222.919
-224.517
-226.112
-227.704
-229.295
-230.886
-232.477
-234.07
-235.664
-237.26
-238.859
-240.461
-242.066
-243.673
-245.284
-246.899
-248.516
-250.138
-251.762
-253.391
-255.022
-256.657
-258.295
-259.937
-261.581
-263.229
-264.879
-266.533
-268.189
-269.848
-271.509
-273.172
-274.838
-276.506
-278.176
-279.848
-281.521
-283.196
-284.872
-286.55
-288.229
-289.908
-291.589
-293.27
-294.952
-296.635
-298.317
-300

0
-2.89312
-5.81213
-8.78379
-11.8367
-15.0021
-18.3154
-21.8167
-25.5525
-29.5766
-33.9514
-38.7477
-44.0444
-49.9241
-56.4664
-63.7348
-71.7578
-80.506
-89.8705
-99.652
-109.573
-119.323
-128.623
-137.269
-145.146
-152.218
-158.508
-164.079
-169.011
-173.389
-177.298
-180.812
-183.995
-186.904
-189.585
-192.076
-194.41
-196.612
-198.706
-200.708
-202.634
-204.498
-206.308
-208.075
-209.805
-211.505
-213.18
-214.835
-216.474
-218.099
-219.714
-221.32
-222.92
-224.516
-226.109
-227.699
-229.289
-230.879
-232.47
-234.062
-235.656
-237.252
-238.85
-240.452
-242.056
-243.664
-245.275
-246.89
-248.508
-250.129
-251.754
-253.382
-255.014
-256.649
-258.288
-259.929
-261.574
-263.222
-264.873
-266.527
-268.183
-269.842
-271.503
-273.167
-274.833
-276.502
-278.172
-279.844
-281.517
-283.193
-284.869
-286.547
-288.226
-289.906
-291.587
-293.269
-294.951
-296.634
-298.317
-300

0
-2.82618
-5.67597
-8.57381
-11.5458
-14.6208
-17.8311
-21.2145
-24.8151
-28.6855
-32.8889
-37.5008
-42.6106
-48.3207
-54.7412
-61.9765
-70.1014
-79.1256
-88.9536
-99.3525
-109.954
-120.327
-130.1
-139.035
-147.026
-154.075
-160.248
-165.647
-170.385
-174.57
-178.299
-181.652
-184.697
-187.488
-190.07
-192.479
-194.744
-196.889
-198.935
-200.898
-202.792
-204.627
-206.415
-208.162
-209.876
-211.562
-213.226
-214.871
-216.501
-218.12
-219.728
-221.33
-222.926
-224.518
-226.108
-227.696
-229.284
-230.872
-232.462
-234.052
-235.645
-237.241
-238.839
-240.44
-242.044
-243.652
-245.263
-246.877
-248.495
-250.117
-251.742
-253.37
-255.002
-256.638
-258.277
-259.919
-261.564
-263.212
-264.864
-266.518
-268.174
-269.834
-271.496
-273.16
-274.827
-276.495
-278.166
-279.838
-281.512
-283.188
-284.865
-286.544
-288.223
-289.904
-291.585
-293.267
-294.95
-296.633
-298.316
-300

0
-2.73562
-5.49177
-8.28967
-11.152
-14.1039
-17.1738
-20.3952
-23.8079
-27.4615
-31.4178
-35.7558
-40.5765
-46.007
-52.2012
-59.3287
-67.5458
-76.9414
-87.4659
-98.85
-110.565
-121.931
-132.416
-141.743
-149.849
-156.808
-162.761
-167.875
-172.311
-176.208
-179.675
-182.802
-185.653
-188.282
-190.729
-193.025
-195.197
-197.266
-199.248
-201.157
-203.006
-204.805
-206.561
-208.283
-209.974
-211.642
-213.29
-214.922
-216.541
-218.15
-219.75
-221.345
-222.935
-224.523
-226.108
-227.693
-229.278
-230.864
-232.452
-234.041
-235.633
-237.227
-238.824
-240.425
-242.029
-243.636
-245.247
-246.861
-248.479
-250.101
-251.726
-253.355
-254.988
-256.624
-258.263
-259.905
-261.551
-263.2
-264.851
-266.506
-268.163
-269.823
-271.486
-273.151
-274.818
-276.487
-278.158
-279.831
-281.506
-283.182
-284.86
-286.539
-288.219
-289.9
-291.582
-293.265
-294.948
-296.632
-298.316
-300

0
-2.62455
-5.26581
-7.94107
-10.6687
-13.469
-16.3652
-19.3843
-22.56
-25.9348
-29.5651
-33.5283
-37.9325
-42.9297
-48.7278
-55.5913
-63.8116
-73.6283
-85.1187
-98.0171
-111.523
-124.415
-135.889
-145.671
-153.821
-160.547
-166.114
-170.782
-174.778
-178.274
-181.394
-184.225
-186.832
-189.258
-191.537
-193.696
-195.754
-197.729
-199.632
-201.477
-203.272
-205.025
-206.743
-208.432
-210.097
-211.742
-213.371
-214.986
-216.591
-218.188
-219.779
-221.365
-222.948
-224.529
-226.11
-227.69
-229.272
-230.855
-232.44
-234.027
-235.617
-237.21
-238.807
-240.406
-242.01
-243.617
-245.227
-246.842
-248.46
-250.082
-251.708
-253.337
-254.97
-256.606
-258.246
-259.889
-261.535
-263.184
-264.837
-266.492
-268.15
-269.81
-271.474
-273.139
-274.807
-276.477
-278.149
-279.823
-281.498
-283.175
-284.853
-286.533
-288.214
-289.896
-291.579
-293.262
-294.946
-296.63
-298.315
-300

0
-2.49674
-5.00587
-7.54007
-10.1127
-12.7384
-15.4334
-18.217
-21.1129
-24.1525
-27.3795
-30.8597
-34.6955
-39.0516
-44.189
-50.4972
-58.4809
-68.6414
-81.3635
-96.5766
-113.096
-128.317
-141.055
-151.233
-159.214
-165.448
-170.363
-174.361
-177.745
-180.716
-183.4
-185.875
-188.191
-190.38
-192.466
-194.467
-196.395
-198.262
-200.077
-201.847
-203.58
-205.28
-206.955
-208.606
-210.24
-211.858
-213.464
-215.061
-216.649
-218.232
-219.811
-221.388
-222.962
-224.537
-226.111
-227.687
-229.264
-230.844
-232.426
-234.011
-235.599
-237.19
-238.786
-240.385
-241.987
-243.594
-245.204
-246.819
-248.437
-250.059
-251.685
-253.315
-254.948
-256.585
-258.225
-259.869
-261.516
-263.166
-264.819
-266.475
-268.134
-269.795
-271.459
-273.125
-274.794
-276.465
-278.138
-279.812
-281.488
-283.166
-284.846
-286.526
-288.208
-289.891
-291.574
-293.258
-294.943
-296.629
-298.314
-300

0
-2.35656
-4.72084
-7.10061
-9.50375
-11.9384
-14.4131
-16.9373
-19.5222
-22.1826
-24.9409
-27.8354
-30.9383
-34.3921
-38.4793
-43.7277
-50.9736
-61.0928
-75.1171
-93.8299
-115.967
-134.703
-148.781
-158.991
-166.354
-171.666
-175.531
-178.555
-181.125
-183.445
-185.614
-187.683
-189.676
-191.606
-193.482
-195.311
-197.098
-198.848
-200.565
-202.254
-203.919
-205.562
-207.188
-208.799
-210.398
-211.987
-213.568
-215.143
-216.713
-218.281
-219.847
-221.412
-222.977
-224.544
-226.111
-227.681
-229.254
-230.83
-232.409
-233.991
-235.577
-237.167
-238.761
-240.359
-241.961
-243.567
-245.178
-246.792
-248.41
-250.033
-251.659
-253.289
-254.923
-256.56
-258.201
-259.846
-261.493
-263.144
-264.798
-266.455
-268.115
-269.777
-271.442
-273.109
-274.779
-276.451
-278.124
-279.8
-281.477
-283.156
-284.836
-286.518
-288.201
-289.885
-291.569
-293.254
-294.94
-296.627
-298.313
-300

0
-2.20867
-4.42033
-6.63777
-8.86327
-11.0983
-13.3433
-15.597
-17.856
-20.1149
-22.366
-24.6027
-26.8301
-29.0994
-31.6084
-34.9606
-40.593
-49.6391
-64.1825
-87.6592
-122.237
-145.748
-160.376
-169.595
-175.545
-179.332
-181.539
-183.203
-184.755
-186.323
-187.93
-189.568
-191.224
-192.885
-194.544
-196.196
-197.837
-199.466
-201.082
-202.686
-204.279
-205.862
-207.437
-209.004
-210.566
-212.123
-213.677
-215.229
-216.78
-218.331
-219.883
-221.436
-222.991
-224.549
-226.11
-227.674
-229.241
-230.813
-232.388
-233.968
-235.552
-237.14
-238.732
-240.329
-241.931
-243.537
-245.147
-246.761
-248.38
-250.002
-251.629
-253.26
-254.894
-256.532
-258.174
-259.82
-261.468
-263.12
-264.775
-266.433
-268.093
-269.757
-271.423
-273.091
-274.762
-276.435
-278.11
-279.786
-281.465
-283.145
-284.826
-286.509
-288.193
-289.878
-291.563
-293.25
-294.937
-296.624
-298.312
-300

0
-2.05777
-4.11405
-6.16688
-8.21323
-10.2484
-12.2648
-14.2512
-16.19
-18.055
-19.8055
-21.3793
-22.68
-23.5669
-23.8944
-23.9134
-26.7986
-32.688
-44.3144
-70.3872
-139.575
-165.676
-177.38
-183.468
-186.898
-188.58
-188.089
-187.963
-188.369
-189.163
-190.216
-191.436
-192.765
-194.167
-195.615
-197.092
-198.589
-200.097
-201.611
-203.129
-204.649
-206.171
-207.692
-209.215
-210.738
-212.263
-213.789
-215.317
-216.848
-218.381
-219.918
-221.459
-223.003
-224.552
-226.105
-227.662
-229.225
-230.792
-232.364
-233.94
-235.522
-237.108
-238.7
-240.296
-241.896
-243.502
-245.112
-246.726
-248.345
-249.968
-251.596
-253.227
-254.862
-256.501
-258.144
-259.79
-261.44
-263.093
-264.749
-266.408
-268.069
-269.734
-271.401
-273.071
-274.743
-276.417
-278.093
-279.771
-281.45
-283.132
-284.814
-286.498
-288.184
-289.87
-291.557
-293.245
-294.933
-296.622
-298.311
-300

0
-1.90835
-3.81123
-5.70246
-7.57443
-9.41704
-11.2164
-12.9529
-14.598
-16.1094
-17.4218
-18.4289
-18.9439
-18.5937
-16.489
-10
-10
-10
-10
-10
-200
-200
-200
-200
-200
-200
-194.273
-192.191
-191.594
-191.746
-192.333
-193.193
-194.235
-195.402
-196.655
-197.97
-199.329
-200.721
-202.136
-203.571
-205.019
-206.478
-207.948
-209.425
-210.909
-212.401
-213.898
-215.402
-216.912
-218.428
-219.95
-221.477
-223.011
-224.55
-226.096
-227.647
-229.203
-230.766
-232.334
-233.908
-235.487
-237.072
-238.662
-240.257
-241.857
-243.462
-245.072
-246.687
-248.306
-249.93
-251.558
-253.19
-254.826
-256.466
-258.11
-259.757
-261.408
-263.062
-264.719
-266.38
-268.043
-269.709
-271.377
-273.048
-274.721
-276.397
-278.074
-279.754
-281.435
-283.117
-284.802
-286.487
-288.174
-289.861
-291.55
-293.239
-294.929
-296.619
-298.309
-300

0
-1.76441
-3.52004
-5.25732
-6.96498
-8.62896
-10.2309
-11.746
-13.1397
-14.3629
-15.3433
-15.9707
-16.0728
-15.375
-13.4678
-10
-10
-10
-10
-10
-200
-200
-200
-200
-200
-200
-196.815
-194.932
-194.071
-193.895
-194.176
-194.769
-195.581
-196.55
-197.634
-198.803
-200.037
-201.321
-202.644
-203.998
-205.377
-206.777
-208.195
-209.628
-211.074
-212.532
-214.002
-215.481
-216.971
-218.469
-219.975
-221.49
-223.013
-224.543
-226.08
-227.625
-229.177
-230.735
-232.299
-233.87
-235.447
-237.03
-238.619
-240.214
-241.813
-243.418
-245.028
-246.643
-248.263
-249.887
-251.516
-253.149
-254.786
-256.427
-258.072
-259.721
-261.373
-263.028
-264.687
-266.349
-268.013
-269.681
-271.351
-273.023
-274.698
-276.375
-278.054
-279.735
-281.417
-283.102
-284.787
-286.474
-288.163
-289.852
-291.542
-293.233
-294.924
-296.616
-298.308
-300

0
-1.62924
-3.2472
-4.84179
-6.39922
-7.90294
-9.33223
-10.6604
-11.8519
-12.8594
-13.6176
-14.0378
-14.0017
-13.3656
-12.0073
-10
-10
-10
-10
-10
-200
-200
-200
-200
-200
-200
-198.053
-196.652
-195.862
-195.586
-195.707
-196.127
-196.77
-197.584
-198.527
-199.572
-200.695
-201.882
-203.12
-204.4
-205.714
-207.058
-208.426
-209.817
-211.227
-212.653
-214.095
-215.551
-217.02
-218.501
-219.993
-221.495
-223.007
-224.528
-226.058
-227.597
-229.143
-230.697
-232.258
-233.827
-235.402
-236.983
-238.571
-240.165
-241.764
-243.369
-244.98
-246.595
-248.215
-249.841
-251.47
-253.104
-254.743
-256.385
-258.031
-259.681
-261.335
-262.992
-264.652
-266.315
-267.981
-269.65
-271.322
-272.996
-274.672
-276.351
-278.032
-279.714
-281.399
-283.085
-284.772
-286.461
-288.151
-289.841
-291.533
-293.226
-294.919
-296.612
-298.306
-300

0
-1.50536
-2.99773
-4.46341
-5.88717
-7.25134
-8.53474
-9.71127
-10.7484
-11.605
-12.2299
-12.5613
-12.5307
-12.0786
-11.1956
-10
-10
-10
-10
-10
-200
-200
-200
-200
-200
-200
-198.747
-197.759
-197.139
-196.882
-196.941
-197.26
-197.79
-198.487
-199.32
-200.261
-201.29
-202.392
-203.554
-204.767
-206.022
-207.313
-208.636
-209.987
-211.362
-212.759
-214.175
-215.608
-217.058
-218.522
-220
-221.49
-222.992
-224.505
-226.028
-227.56
-229.102
-230.652
-232.21
-233.776
-235.35
-236.93
-238.517
-240.11
-241.71
-243.315
-244.926
-246.542
-248.163
-249.789
-251.42
-253.055
-254.695
-256.339
-257.987
-259.638
-261.293
-262.952
-264.614
-266.279
-267.946
-269.617
-271.291
-272.966
-274.645
-276.325
-278.008
-279.692
-281.378
-283.066
-284.755
-286.446
-288.138
-289.83
-291.524
-293.218
-294.913
-296.609
-298.304
-300

0
-1.39445
-2.77495
-4.12697
-5.43471
-6.68053
-7.84409
-8.90165
-9.82524
-10.5823
-11.1358
-11.4468
-11.4811
-11.2224
-10.6965
-10
-10
-10
-10
-10
-200
-200
-200
-200
-200
-200
-199.177
-198.499
-198.052
-197.861
-197.913
-198.183
-198.641
-199.256
-200.003
-200.862
-201.813
-202.842
-203.938
-205.091
-206.293
-207.538
-208.819
-210.133
-211.476
-212.845
-214.237
-215.65
-217.081
-218.53
-219.995
-221.474
-222.967
-224.471
-225.988
-227.515
-229.053
-230.599
-232.155
-233.719
-235.291
-236.87
-238.457
-240.05
-241.649
-243.255
-244.867
-246.484
-248.106
-249.733
-251.365
-253.002
-254.643
-256.289
-257.938
-259.591
-261.248
-262.909
-264.572
-266.239
-267.909
-269.582
-271.257
-272.935
-274.615
-276.297
-277.982
-279.668
-281.356
-283.046
-284.737
-286.43
-288.123
-289.818
-291.514
-293.21
-294.907
-296.605
-298.302
-300

0
-1.29749
-2.58067
-3.83478
-5.04419
-6.19197
-7.25946
-8.22598
-9.06871
-9.76305
-10.284
-10.6092
-10.7245
-10.6333
-10.3681
-10
-10
-10
-10
-10
-200
-200
-200
-200
-200
-200
-199.46
-199.009
-198.711
-198.595
-198.668
-198.919
-199.334
-199.892
-200.577
-201.37
-202.257
-203.226
-204.266
-205.367
-206.522
-207.725
-208.969
-210.25
-211.565
-212.908
-214.278
-215.672
-217.087
-218.522
-219.975
-221.444
-222.929
-224.427
-225.937
-227.46
-228.994
-230.538
-232.091
-233.654
-235.224
-236.803
-238.39
-239.983
-241.583
-243.19
-244.802
-246.42
-248.044
-249.673
-251.306
-252.945
-254.588
-256.235
-257.886
-259.541
-261.2
-262.862
-264.528
-266.197
-267.869
-269.543
-271.221
-272.901
-274.583
-276.267
-277.954
-279.642
-281.333
-283.025
-284.718
-286.413
-288.108
-289.805
-291.503
-293.202
-294.901
-296.6
-298.3
-300

0
-1.21486
-2.41546
-3.58729
-4.7153
-5.78369
-6.77581
-7.67412
-8.46055
-9.11722
-9.62807
-9.98148
-10.1745
-10.218
-10.1426
-10
-10
-10
-10
-10
-200
-200
-200
-200
-200
-200
-199.654
-199.367
-199.187
-199.142
-199.243
-199.493
-199.883
-200.403
-201.041
-201.783
-202.62
-203.539
-204.531
-205.589
-206.704
-207.87
-209.082
-210.335
-211.623
-212.945
-214.296
-215.673
-217.074
-218.497
-219.939
-221.4
-222.877
-224.369
-225.875
-227.394
-228.925
-230.466
-232.018
-233.58
-235.15
-236.729
-238.316
-239.91
-241.511
-243.118
-244.732
-246.351
-247.977
-249.607
-251.242
-252.883
-254.528
-256.177
-257.83
-259.487
-261.148
-262.813
-264.48
-266.151
-267.825
-269.502
-271.182
-272.864
-274.549
-276.235
-277.924
-279.615
-281.308
-283.002
-284.697
-286.394
-288.092
-289.792
-291.492
-293.192
-294.894
-296.596
-298.298
-300

0
-1.14647
-2.27902
-3.38362
-4.44601
-5.45169
-6.38595
-7.23414
-7.98213
-8.61722
-9.12954
-9.51418
-9.77384
-9.92185
-9.98435
-10
-10
-10
-10
-10
-200
-200
-200
-200
-200
-200
-199.788
-199.619
-199.528
-199.541
-199.671
-199.926
-200.303
-200.796
-201.4
-202.104
-202.9
-203.779
-204.732
-205.753
-206.835
-207.971
-209.155
-210.383
-211.65
-212.952
-214.287
-215.65
-217.039
-218.451
-219.885
-221.339
-222.81
-224.298
-225.8
-227.316
-228.845
-230.385
-231.936
-233.497
-235.068
-236.647
-238.234
-239.829
-241.432
-243.04
-244.656
-246.277
-247.904
-249.536
-251.174
-252.816
-254.463
-256.115
-257.77
-259.43
-261.093
-262.76
-264.43
-266.103
-267.779
-269.459
-271.141
-272.825
-274.512
-276.201
-277.893
-279.586
-281.281
-282.977
-284.675
-286.375
-288.075
-289.777
-291.479
-293.183
-294.887
-296.591
-298.295
-300

0
-1.092
-2.17054
-3.22216
-4.23345
-5.1911
-6.08217
-6.89437
-7.61663
-8.23998
-8.75871
-9.17185
-9.48485
-9.71117
-9.87291
-10
-10
-10
-10
-10
-200
-200
-200
-200
-200
-200
-199.88
-199.792
-199.765
-199.822
-199.976
-200.236
-200.605
-201.08
-201.658
-202.332
-203.096
-203.943
-204.866
-205.857
-206.911
-208.022
-209.184
-210.392
-211.641
-212.928
-214.249
-215.601
-216.98
-218.385
-219.812
-221.26
-222.727
-224.211
-225.711
-227.226
-228.753
-230.293
-231.844
-233.406
-234.977
-236.557
-238.146
-239.742
-241.346
-242.957
-244.574
-246.197
-247.826
-249.461
-251.101
-252.745
-254.395
-256.048
-257.706
-259.368
-261.034
-262.703
-264.376
-266.052
-267.731
-269.413
-271.097
-272.784
-274.474
-276.165
-277.859
-279.555
-281.252
-282.952
-284.652
-286.354
-288.057
-289.762
-291.467
-293.172
-294.879
-296.586
-298.293
-300

0
-1.05099
-2.08897
-3.10104
-4.0745
-4.99711
-5.85727
-6.64452
-7.35002
-7.96737
-8.49348
-8.92964
-9.28256
-9.56505
-9.79613
-10
-10
-10
-10
-10
-200
-200
-200
-200
-200
-200
-199.938
-199.903
-199.919
-200.005
-200.175
-200.439
-200.801
-201.262
-201.82
-202.471
-203.211
-204.032
-204.931
-205.899
-206.931
-208.022
-209.167
-210.359
-211.595
-212.87
-214.181
-215.524
-216.897
-218.295
-219.718
-221.163
-222.627
-224.109
-225.608
-227.122
-228.649
-230.19
-231.742
-233.304
-234.877
-236.459
-238.049
-239.647
-241.253
-242.866
-244.486
-246.112
-247.743
-249.38
-251.023
-252.67
-254.322
-255.978
-257.639
-259.303
-260.972
-262.644
-264.319
-265.998
-267.679
-269.364
-271.051
-272.741
-274.433
-276.127
-277.824
-279.522
-281.223
-282.924
-284.628
-286.332
-288.038
-289.745
-291.453
-293.161
-294.871
-296.58
-298.29
-300

0
-1.02299
-2.03332
-3.01851
-3.96643
-4.86555
-5.70529
-6.47641
-7.17158
-7.786
-8.31819
-8.77068
-9.15069
-9.47036
-9.74657
-10
-10
-10
-10
-10
-200
-200
-200
-200
-200
-200
-199.971
-199.965
-200.003
-200.103
-200.28
-200.543
-200.897
-201.346
-201.888
-202.522
-203.242
-204.045
-204.925
-205.876
-206.893
-207.97
-209.101
-210.283
-211.509
-212.776
-214.081
-215.419
-216.787
-218.182
-219.603
-221.046
-222.509
-223.991
-225.49
-227.005
-228.533
-230.075
-231.628
-233.193
-234.768
-236.352
-237.944
-239.545
-241.154
-242.769
-244.392
-246.02
-247.655
-249.294
-250.94
-252.59
-254.245
-255.904
-257.567
-259.235
-260.906
-262.581
-264.259
-265.94
-267.625
-269.312
-271.002
-272.695
-274.39
-276.087
-277.787
-279.488
-281.191
-282.896
-284.602
-286.309
-288.018
-289.728
-291.439
-293.15
-294.862
-296.574
-298.287
-300

0
-1.00764
-2.00281
-2.97325
-3.90715
-4.79338
-5.62193
-6.38427
-7.07387
-7.68686
-8.22259
-8.68422
-9.07915
-9.41911
-9.7198
-10
-10
-10
-10
-10
-200
-200
-200
-200
-200
-200
-199.98
-199.982
-200.025
-200.126
-200.299
-200.555
-200.9
-201.337
-201.866
-202.485
-203.192
-203.981
-204.849
-205.788
-206.795
-207.863
-208.986
-210.161
-211.383
-212.646
-213.947
-215.283
-216.649
-218.044
-219.465
-220.908
-222.373
-223.856
-225.357
-226.873
-228.404
-229.948
-231.504
-233.072
-234.649
-236.236
-237.832
-239.436
-241.047
-242.666
-244.291
-245.923
-247.561
-249.204
-250.852
-252.505
-254.163
-255.825
-257.492
-259.162
-260.836
-262.514
-264.196
-265.88
-267.568
-269.258
-270.951
-272.647
-274.345
-276.045
-277.747
-279.452
-281.158
-282.866
-284.575
-286.285
-287.997
-289.71
-291.424
-293.138
-294.853
-296.568
-298.284
-300

0
-1.00476
-1.99703
-2.96455
-3.89552
-4.7789
-5.60479
-6.36484
-7.05278
-7.66499
-8.20109
-8.66445
-9.06259
-9.40714
-9.71351
-10
-10
-10
-10
-10
-200
-200
-200
-200
-200
-200
-199.968
-199.957
-199.988
-200.076
-200.236
-200.479
-200.811
-201.235
-201.752
-202.361
-203.058
-203.84
-204.7
-205.634
-206.635
-207.699
-208.821
-209.994
-211.214
-212.477
-213.779
-215.116
-216.484
-217.881
-219.304
-220.75
-222.217
-223.704
-225.208
-226.728
-228.262
-229.809
-231.369
-232.94
-234.521
-236.112
-237.711
-239.319
-240.934
-242.556
-244.185
-245.82
-247.461
-249.107
-250.759
-252.416
-254.077
-255.743
-257.412
-259.086
-260.764
-262.445
-264.129
-265.817
-267.508
-269.201
-270.897
-272.596
-274.297
-276.001
-277.706
-279.414
-281.123
-282.834
-284.546
-286.26
-287.975
-289.691
-291.408
-293.125
-294.843
-296.562
-298.281
-300

0
-1.01437
-2.01601
-2.99239
-3.93147
-4.82191
-5.65349
-6.41753
-7.10743
-7.71923
-8.25231
-8.70992
-9.09961
-9.43334
-9.7271
-10
-10
-10
-10
-10
-200
-200
-200
-200
-200
-200
-199.935
-199.892
-199.893
-199.954
-200.091
-200.314
-200.63
-201.041
-201.548
-202.149
-202.841
-203.619
-204.477
-205.411
-206.413
-207.479
-208.603
-209.779
-211.003
-212.27
-213.576
-214.917
-216.29
-217.692
-219.119
-220.57
-222.043
-223.534
-225.043
-226.567
-228.106
-229.659
-231.223
-232.798
-234.384
-235.979
-237.582
-239.194
-240.813
-242.44
-244.072
-245.711
-247.356
-249.006
-250.662
-252.322
-253.987
-255.656
-257.329
-259.006
-260.687
-262.372
-264.06
-265.751
-267.445
-269.142
-270.841
-272.543
-274.248
-275.955
-277.664
-279.374
-281.087
-282.801
-284.517
-286.234
-287.952
-289.671
-291.391
-293.112
-294.834
-296.555
-298.278
-300

0
-1.03671
-2.06023
-3.05755
-4.01606
-4.92378
-5.76973
-6.54437
-7.24016
-7.85219
-8.379
-8.82331
-9.1926
-9.49952
-9.76153
-10
-10
-10
-10
-10
-200
-200
-200
-200
-200
-200
-199.879
-199.784
-199.736
-199.757
-199.86
-200.056
-200.352
-200.75
-201.249
-201.846
-202.538
-203.318
-204.18
-205.119
-206.128
-207.201
-208.332
-209.517
-210.749
-212.024
-213.338
-214.687
-216.068
-217.477
-218.912
-220.37
-221.849
-223.347
-224.862
-226.393
-227.938
-229.496
-231.066
-232.647
-234.237
-235.837
-237.446
-239.062
-240.686
-242.317
-243.954
-245.597
-247.246
-248.9
-250.559
-252.223
-253.892
-255.565
-257.242
-258.923
-260.607
-262.296
-263.987
-265.682
-267.379
-269.079
-270.783
-272.488
-274.196
-275.906
-277.619
-279.333
-281.049
-282.767
-284.486
-286.206
-287.928
-289.65
-291.374
-293.098
-294.823
-296.549
-298.274
-300

0
-1.07224
-2.13065
-3.16153
-4.15143
-5.08741
-5.95728
-6.75008
-7.45664
-8.07037
-8.58821
-9.01169
-9.34798
-9.6106
-9.81951
-10
-10
-10
-10
-10
-200
-200
-200
-200
-200
-200
-199.799
-199.627
-199.512
-199.476
-199.535
-199.699
-199.973
-200.358
-200.852
-201.45
-202.146
-202.934
-203.807
-204.757
-205.779
-206.865
-208.009
-209.207
-210.451
-211.739
-213.065
-214.425
-215.817
-217.236
-218.681
-220.148
-221.636
-223.143
-224.666
-226.204
-227.757
-229.321
-230.898
-232.485
-234.081
-235.687
-237.301
-238.923
-240.552
-242.187
-243.829
-245.477
-247.13
-248.789
-250.452
-252.12
-253.793
-255.47
-257.151
-258.836
-260.524
-262.216
-263.911
-265.609
-267.311
-269.015
-270.721
-272.431
-274.142
-275.856
-277.572
-279.29
-281.009
-282.731
-284.453
-286.177
-287.903
-289.629
-291.356
-293.084
-294.812
-296.541
-298.271
-300

0
-1.1216
-2.22861
-3.30648
-4.34074
-5.31715
-6.2219
-7.04202
-7.76595
-8.38445
-8.89178
-9.28727
-9.57701
-9.77541
-9.90591
-10
-10
-10
-10
-10
-200
-200
-200
-200
-200
-200
-199.688
-199.414
-199.21
-199.101
-199.106
-199.232
-199.484
-199.858
-200.351
-200.955
-201.662
-202.465
-203.355
-204.324
-205.365
-206.47
-207.634
-208.849
-210.111
-211.415
-212.757
-214.132
-215.538
-216.971
-218.428
-219.907
-221.405
-222.922
-224.455
-226.002
-227.563
-229.135
-230.719
-232.313
-233.917
-235.529
-237.149
-238.776
-240.411
-242.052
-243.699
-245.351
-247.009
-248.673
-250.341
-252.013
-253.69
-255.371
-257.056
-258.745
-260.437
-262.133
-263.832
-265.534
-267.239
-268.947
-270.658
-272.371
-274.086
-275.804
-277.523
-279.245
-280.968
-282.693
-284.42
-286.147
-287.876
-289.606
-291.337
-293.069
-294.801
-296.534
-298.267
-300

0
-1.18555
-2.35572
-3.49504
-4.5879
-5.61854
-6.57115
-7.43014
-8.18069
-8.80969
-9.3072
-9.6686
-9.89738
-10.0081
-10.0287
-10
-10
-10
-10
-10
-200
-200
-200
-200
-200
-200
-199.54
-199.13
-198.811
-198.614
-198.555
-198.641
-198.871
-199.239
-199.738
-200.356
-201.083
-201.91
-202.825
-203.82
-204.887
-206.018
-207.206
-208.445
-209.729
-211.054
-212.416
-213.809
-215.232
-216.681
-218.152
-219.645
-221.157
-222.685
-224.229
-225.787
-227.357
-228.939
-230.531
-232.133
-233.744
-235.363
-236.989
-238.623
-240.264
-241.91
-243.563
-245.221
-246.884
-248.552
-250.224
-251.902
-253.583
-255.269
-256.958
-258.651
-260.347
-262.047
-263.75
-265.457
-267.166
-268.877
-270.592
-272.309
-274.028
-275.749
-277.473
-279.198
-280.926
-282.654
-284.385
-286.116
-287.849
-289.583
-291.318
-293.053
-294.79
-296.526
-298.263
-300

0
-1.26487
-2.51366
-3.73005
-4.89728
-5.99797
-7.01402
-7.9267
-8.71699
-9.36643
-9.85872
-10.1826
-10.3358
-10.331
-10.2008
-10
-10
-10
-10
-10
-200
-200
-200
-200
-200
-200
-199.342
-198.755
-198.291
-197.988
-197.858
-197.904
-198.119
-198.491
-199.006
-199.648
-200.406
-201.265
-202.215
-203.244
-204.345
-205.508
-206.727
-207.995
-209.307
-210.657
-212.042
-213.457
-214.9
-216.367
-217.856
-219.365
-220.891
-222.433
-223.989
-225.558
-227.139
-228.731
-230.333
-231.943
-233.562
-235.189
-236.823
-238.463
-240.11
-241.763
-243.421
-245.085
-246.753
-248.426
-250.104
-251.786
-253.472
-255.162
-256.856
-258.553
-260.254
-261.958
-263.666
-265.376
-267.089
-268.805
-270.523
-272.244
-273.968
-275.693
-277.421
-279.15
-280.881
-282.614
-284.348
-286.084
-287.821
-289.559
-291.298
-293.037
-294.777
-296.518
-298.259
-300

0
-1.36029
-2.70401
-4.01423
-5.27321
-6.46203
-7.56025
-8.54565
-9.39415
-10.0803
-10.5787
-10.8671
-10.9322
-10.7792
-10.4435
-10
-10
-10
-10
-10
-200
-200
-200
-200
-200
-200
-199.075
-198.254
-197.613
-197.187
-196.986
-197
-197.212
-197.6
-198.145
-198.826
-199.626
-200.53
-201.524
-202.598
-203.74
-204.943
-206.199
-207.502
-208.846
-210.226
-211.638
-213.078
-214.544
-216.032
-217.541
-219.067
-220.61
-222.167
-223.737
-225.319
-226.911
-228.514
-230.126
-231.746
-233.373
-235.008
-236.65
-238.297
-239.951
-241.61
-243.274
-244.944
-246.618
-248.296
-249.979
-251.666
-253.357
-255.052
-256.75
-258.452
-260.158
-261.866
-263.578
-265.292
-267.01
-268.73
-270.452
-272.178
-273.905
-275.635
-277.366
-279.1
-280.835
-282.572
-284.311
-286.051
-287.792
-289.534
-291.277
-293.02
-294.765
-296.51
-298.255
-300

0
-1.47226
-2.92787
-4.34966
-5.71928
-7.01668
-8.21932
-9.3015
-10.2337
-10.9819
-11.5087
-11.7749
-11.7469
-11.4101
-10.7939
-10
-10
-10
-10
-10
-200
-200
-200
-200
-200
-200
-198.703
-197.575
-196.718
-196.162
-195.898
-195.897
-196.127
-196.553
-197.148
-197.884
-198.743
-199.705
-200.755
-201.882
-203.075
-204.325
-205.625
-206.967
-208.348
-209.762
-211.205
-212.674
-214.166
-215.678
-217.207
-218.753
-220.314
-221.887
-223.472
-225.068
-226.674
-228.288
-229.91
-231.54
-233.177
-234.821
-236.47
-238.126
-239.786
-241.452
-243.123
-244.798
-246.478
-248.162
-249.85
-251.543
-253.239
-254.938
-256.641
-258.348
-260.058
-261.771
-263.487
-265.206
-266.928
-268.652
-270.379
-272.109
-273.84
-275.574
-277.31
-279.048
-280.788
-282.529
-284.272
-286.016
-287.761
-289.508
-291.255
-293.003
-294.752
-296.501
-298.25
-300

0
-1.60087
-3.18557
-4.73723
-6.23759
-7.66609
-8.99885
-10.2074
-11.257
-12.1051
-12.6992
-12.977
-12.8701
-12.3205
-11.3221
-10
-10
-10
-10
-10
-200
-200
-200
-200
-200
-200
-198.16
-196.627
-195.522
-194.845
-194.547
-194.565
-194.845
-195.339
-196.008
-196.822
-197.756
-198.79
-199.91
-201.101
-202.353
-203.657
-205.007
-206.395
-207.818
-209.269
-210.747
-212.247
-213.767
-215.305
-216.858
-218.425
-220.005
-221.596
-223.198
-224.808
-226.427
-228.054
-229.688
-231.328
-232.975
-234.627
-236.285
-237.948
-239.617
-241.289
-242.967
-244.648
-246.334
-248.024
-249.718
-251.415
-253.116
-254.821
-256.529
-258.24
-259.955
-261.673
-263.393
-265.117
-266.843
-268.572
-270.304
-272.037
-273.774
-275.512
-277.252
-278.995
-280.739
-282.484
-284.232
-285.98
-287.73
-289.481
-291.233
-292.985
-294.738
-296.492
-298.246
-300

0
-1.74566
-3.47629
-5.17612
-6.82777
-8.41124
-9.9026
-11.2722
-12.482
-13.4822
-14.2061
-14.5638
-14.4361
-13.6797
-12.1741
-10
-10
-10
-10
-10
-200
-200
-200
-200
-200
-200
-197.312
-195.25
-193.897
-193.15
-192.878
-192.972
-193.35
-193.949
-194.723
-195.639
-196.668
-197.792
-198.993
-200.258
-201.578
-202.945
-204.35
-205.79
-207.258
-208.751
-210.266
-211.8
-213.351
-214.916
-216.495
-218.085
-219.685
-221.295
-222.913
-224.54
-226.173
-227.812
-229.458
-231.11
-232.766
-234.428
-236.095
-237.766
-239.442
-241.122
-242.806
-244.494
-246.186
-247.882
-249.581
-251.284
-252.991
-254.7
-256.414
-258.13
-259.849
-261.572
-263.297
-265.025
-266.756
-268.49
-270.226
-271.964
-273.705
-275.448
-277.193
-278.939
-280.688
-282.438
-284.19
-285.943
-287.698
-289.453
-291.21
-292.967
-294.724
-296.483
-298.241
-300

0
-1.90547
-3.79782
-5.66319
-7.48612
-9.2485
-10.9281
-12.4967
-13.9165
-15.1356
-16.0793
-16.6358
-16.6309
-15.7879
-13.6946
-10
-10
-10
-10
-10
-200
-200
-200
-200
-200
-200
-195.837
-193.163
-191.668
-190.98
-190.843
-191.096
-191.633
-192.383
-193.298
-194.342
-195.487
-196.715
-198.011
-199.361
-200.758
-202.193
-203.66
-205.155
-206.673
-208.211
-209.766
-211.337
-212.92
-214.515
-216.12
-217.734
-219.356
-220.986
-222.622
-224.264
-225.912
-227.565
-229.223
-230.886
-232.553
-234.225
-235.9
-237.58
-239.264
-240.951
-242.642
-244.337
-246.035
-247.736
-249.442
-251.15
-252.862
-254.577
-256.295
-258.016
-259.74
-261.468
-263.198
-264.931
-266.666
-268.404
-270.145
-271.888
-273.634
-275.381
-277.131
-278.882
-280.636
-282.391
-284.147
-285.905
-287.664
-289.424
-291.186
-292.948
-294.71
-296.473
-298.236
-300

0
-2.07839
-4.14632
-6.1927
-8.20503
-10.1685
-12.0648
-13.8699
-15.5517
-17.0644
-18.3398
-19.2693
-19.6639
-19.1465
-16.8163
-10
-10
-10
-10
-10
-200
-200
-200
-200
-200
-200
-192.874
-189.896
-188.633
-188.257
-188.418
-188.935
-189.702
-190.654
-191.745
-192.942
-194.224
-195.572
-196.974
-198.419
-199.899
-201.409
-202.943
-204.497
-206.068
-207.654
-209.252
-210.86
-212.478
-214.104
-215.736
-217.375
-219.02
-220.67
-222.324
-223.983
-225.646
-227.313
-228.984
-230.658
-232.336
-234.017
-235.702
-237.39
-239.081
-240.776
-242.474
-244.175
-245.88
-247.588
-249.298
-251.012
-252.73
-254.45
-256.173
-257.899
-259.629
-261.361
-263.096
-264.834
-266.574
-268.317
-270.062
-271.81
-273.561
-275.313
-277.067
-278.824
-280.582
-282.342
-284.103
-285.866
-287.63
-289.395
-291.161
-292.928
-294.695
-296.463
-298.232
-300

0
-2.26177
-4.51639
-6.75625
-8.97278
-11.1558
-13.2925
-15.3666
-17.3561
-19.2304
-20.946
-22.4379
-23.6087
-24.3178
-24.4243
-24.1998
-26.9244
-32.6738
-44.1621
-70.0931
-139.134
-165.081
-176.621
-182.524
-185.718
-187.028
-185.762
-184.915
-184.71
-184.999
-185.637
-186.523
-187.588
-188.786
-190.084
-191.459
-192.894
-194.375
-195.893
-197.44
-199.011
-200.6
-202.205
-203.822
-205.449
-207.084
-208.727
-210.375
-212.028
-213.685
-215.346
-217.011
-218.678
-220.349
-222.022
-223.698
-225.376
-227.057
-228.741
-230.427
-232.115
-233.806
-235.5
-237.197
-238.896
-240.598
-242.303
-244.011
-245.722
-247.435
-249.152
-250.872
-252.594
-254.32
-256.048
-257.78
-259.514
-261.251
-262.991
-264.734
-266.479
-268.227
-269.977
-271.73
-273.485
-275.243
-277.002
-278.763
-280.526
-282.291
-284.057
-285.825
-287.594
-289.364
-291.135
-292.907
-294.68
-296.453
-298.226
-300

0
-2.45229
-4.90121
-7.34315
-9.77408
-12.1892
-14.5829
-16.9479
-19.2755
-21.5553
-23.7758
-25.9276
-28.0151
-30.0917
-32.3631
-35.4507
-40.8241
-49.6086
-63.8814
-87.0764
-121.362
-144.569
-158.879
-167.756
-173.319
-176.632
-178.233
-179.29
-180.294
-181.392
-182.609
-183.931
-185.34
-186.817
-188.347
-189.916
-191.517
-193.141
-194.783
-196.439
-198.104
-199.777
-201.455
-203.137
-204.821
-206.508
-208.196
-209.884
-211.573
-213.263
-214.953
-216.643
-218.334
-220.025
-221.717
-223.41
-225.104
-226.799
-228.495
-230.193
-231.892
-233.593
-235.296
-237.001
-238.708
-240.417
-242.129
-243.844
-245.561
-247.281
-249.003
-250.728
-252.456
-254.187
-255.921
-257.658
-259.397
-261.139
-262.884
-264.632
-266.382
-268.135
-269.89
-271.648
-273.408
-275.17
-276.934
-278.701
-280.469
-282.239
-284.01
-285.783
-287.558
-289.333
-291.109
-292.886
-294.664
-296.443
-298.221
-300

0
-2.64619
-5.293
-7.94107
-10.5912
-13.2442
-15.9018
-18.5665
-21.2428
-23.9396
-26.6743
-29.4817
-32.4325
-35.671
-39.4856
-44.4159
-51.3124
-61.0553
-74.6786
-92.9693
-114.668
-132.953
-146.57
-156.304
-163.169
-167.95
-171.248
-173.718
-175.784
-177.667
-179.474
-181.254
-183.025
-184.796
-186.569
-188.343
-190.117
-191.89
-193.66
-195.427
-197.19
-198.948
-200.701
-202.449
-204.192
-205.93
-207.664
-209.393
-211.119
-212.841
-214.559
-216.276
-217.989
-219.702
-221.412
-223.122
-224.831
-226.539
-228.248
-229.957
-231.667
-233.377
-235.089
-236.803
-238.518
-240.234
-241.953
-243.674
-245.397
-247.123
-248.851
-250.582
-252.316
-254.052
-255.791
-257.532
-259.277
-261.024
-262.774
-264.527
-266.282
-268.04
-269.8
-271.563
-273.328
-275.096
-276.865
-278.637
-280.41
-282.185
-283.962
-285.74
-287.52
-289.3
-291.082
-292.865
-294.648
-296.432
-298.216
-300

0
-2.83948
-5.68353
-8.53696
-11.4052
-14.2948
-17.2138
-20.1734
-23.1896
-26.286
-29.5001
-32.8923
-36.5621
-40.674
-45.4926
-51.4148
-58.9546
-68.6214
-80.8085
-95.4548
-111.386
-126.008
-138.143
-147.719
-155.104
-160.749
-165.09
-168.551
-171.456
-174.018
-176.368
-178.584
-180.71
-182.773
-184.79
-186.769
-188.718
-190.641
-192.541
-194.42
-196.281
-198.124
-199.952
-201.767
-203.568
-205.357
-207.137
-208.906
-210.668
-212.421
-214.169
-215.91
-217.647
-219.379
-221.108
-222.834
-224.558
-226.28
-228.001
-229.721
-231.441
-233.161
-234.882
-236.603
-238.325
-240.049
-241.775
-243.502
-245.231
-246.963
-248.697
-250.433
-252.172
-253.914
-255.658
-257.405
-259.154
-260.906
-262.661
-264.419
-266.18
-267.943
-269.708
-271.476
-273.246
-275.019
-276.794
-278.571
-280.349
-282.13
-283.912
-285.696
-287.481
-289.267
-291.054
-292.842
-294.631
-296.421
-298.21
-300

0
-3.02821
-6.06467
-9.11805
-12.198
-15.3158
-18.4851
-21.7239
-25.056
-28.5148
-32.1479
-36.0253
-40.2497
-44.9704
-50.396
-56.796
-64.4696
-73.6672
-84.4792
-96.6556
-109.413
-121.549
-132.274
-141.327
-148.78
-154.852
-159.813
-163.94
-167.47
-170.58
-173.397
-176.004
-178.458
-180.798
-183.048
-185.226
-187.346
-189.415
-191.442
-193.432
-195.388
-197.316
-199.218
-201.097
-202.955
-204.795
-206.619
-208.428
-210.224
-212.009
-213.784
-215.55
-217.308
-219.06
-220.807
-222.549
-224.287
-226.022
-227.754
-229.485
-231.215
-232.944
-234.673
-236.402
-238.132
-239.863
-241.595
-243.328
-245.063
-246.801
-248.54
-250.282
-252.026
-253.773
-255.522
-257.274
-259.029
-260.786
-262.546
-264.309
-266.075
-267.843
-269.614
-271.387
-273.162
-274.94
-276.721
-278.503
-280.287
-282.073
-283.861
-285.65
-287.441
-289.233
-291.026
-292.819
-294.614
-296.409
-298.204
-300

0
-3.20869
-6.42888
-9.67258
-12.953
-16.2851
-19.6871
-23.1811
-26.7959
-30.5691
-34.5514
-38.8112
-43.4409
-48.5617
-54.3252
-60.9036
-68.4608
-77.0986
-86.7856
-97.275
-108.064
-118.5
-128.076
-136.536
-143.837
-150.064
-155.369
-159.928
-163.904
-167.437
-170.634
-173.576
-176.321
-178.911
-181.377
-183.742
-186.023
-188.232
-190.38
-192.476
-194.525
-196.534
-198.506
-200.448
-202.361
-204.249
-206.115
-207.962
-209.792
-211.606
-213.407
-215.197
-216.976
-218.747
-220.51
-222.267
-224.019
-225.766
-227.51
-229.251
-230.99
-232.727
-234.464
-236.201
-237.938
-239.675
-241.413
-243.153
-244.894
-246.636
-248.381
-250.128
-251.878
-253.629
-255.384
-257.141
-258.901
-260.663
-262.428
-264.196
-265.967
-267.741
-269.517
-271.295
-273.076
-274.86
-276.645
-278.433
-280.223
-282.015
-283.808
-285.603
-287.399
-289.197
-290.996
-292.796
-294.596
-296.397
-298.198
-300

0
-3.37769
-6.76957
-10.1904
-13.6562
-17.1847
-20.7969
-24.5176
-28.3773
-32.4144
-36.6773
-41.2274
-46.141
-51.5104
-57.4394
-64.0325
-71.3713
-79.4808
-88.2894
-97.5952
-107.067
-116.311
-124.993
-132.905
-139.969
-146.199
-151.673
-156.497
-160.781
-164.629
-168.127
-171.346
-174.339
-177.149
-179.808
-182.343
-184.771
-187.11
-189.372
-191.566
-193.702
-195.787
-197.827
-199.827
-201.792
-203.725
-205.632
-207.514
-209.375
-211.217
-213.043
-214.854
-216.653
-218.441
-220.22
-221.991
-223.755
-225.514
-227.268
-229.018
-230.766
-232.512
-234.256
-235.999
-237.743
-239.486
-241.23
-242.975
-244.722
-246.47
-248.22
-249.972
-251.727
-253.484
-255.243
-257.005
-258.77
-260.538
-262.308
-264.081
-265.857
-267.636
-269.417
-271.201
-272.988
-274.777
-276.568
-278.361
-280.157
-281.954
-283.754
-285.555
-287.357
-289.161
-290.965
-292.771
-294.578
-296.385
-298.192
-300

0
-3.53249
-7.08132
-10.6633
-14.2965
-18.0007
-21.7982
-25.7149
-29.7813
-34.0339
-38.5161
-43.2799
-48.3854
-53.8994
-59.8897
-66.4156
-73.511
-81.1641
-89.296
-97.7495
-106.298
-114.684
-122.68
-130.124
-136.933
-143.09
-148.627
-153.605
-158.095
-162.171
-165.9
-169.34
-172.539
-175.537
-178.365
-181.049
-183.61
-186.066
-188.43
-190.715
-192.931
-195.086
-197.187
-199.241
-201.253
-203.229
-205.172
-207.087
-208.977
-210.844
-212.693
-214.524
-216.341
-218.145
-219.938
-221.721
-223.497
-225.266
-227.03
-228.789
-230.544
-232.297
-234.049
-235.798
-237.548
-239.297
-241.047
-242.797
-244.549
-246.302
-248.057
-249.814
-251.574
-253.335
-255.1
-256.867
-258.637
-260.409
-262.185
-263.963
-265.744
-267.528
-269.315
-271.104
-272.897
-274.691
-276.488
-278.287
-280.089
-281.892
-283.698
-285.505
-287.313
-289.123
-290.934
-292.746
-294.559
-296.372
-298.186
-300

0
-3.67097
-7.35986
-11.0851
-14.866
-18.7234
-22.6804
-26.7626
-30.9993
-35.4236
-40.0734
-44.9908
-50.2215
-55.8119
-61.8045
-68.2292
-75.0932
-82.3684
-89.9811
-97.809
-105.69
-113.448
-120.918
-127.977
-134.548
-140.601
-146.141
-151.2
-155.823
-160.061
-163.963
-167.576
-170.942
-174.094
-177.065
-179.877
-182.554
-185.113
-187.568
-189.934
-192.221
-194.438
-196.594
-198.697
-200.752
-202.765
-204.741
-206.685
-208.601
-210.491
-212.36
-214.209
-216.041
-217.859
-219.665
-221.46
-223.246
-225.024
-226.796
-228.563
-230.326
-232.085
-233.842
-235.598
-237.353
-239.107
-240.862
-242.618
-244.374
-246.132
-247.892
-249.654
-251.418
-253.184
-254.954
-256.726
-258.5
-260.278
-262.059
-263.842
-265.629
-267.418
-269.21
-271.005
-272.803
-274.603
-276.406
-278.212
-280.019
-281.829
-283.64
-285.453
-287.268
-289.084
-290.902
-292.72
-294.539
-296.359
-298.18
-300

0
-3.79153
-7.60209
-11.4511
-15.3588
-19.3466
-23.4373
-27.6559
-32.0296
-36.588
-41.363
-46.3883
-51.6977
-57.3224
-63.287
-69.6035
-76.2643
-83.2352
-90.4509
-97.815
-105.207
-112.499
-119.568
-126.318
-132.682
-138.624
-144.136
-149.232
-153.937
-158.285
-162.314
-166.06
-169.556
-172.835
-175.922
-178.842
-181.617
-184.263
-186.796
-189.231
-191.58
-193.851
-196.055
-198.2
-200.292
-202.338
-204.343
-206.312
-208.25
-210.16
-212.046
-213.91
-215.756
-217.587
-219.403
-221.208
-223.002
-224.788
-226.568
-228.341
-230.11
-231.875
-233.638
-235.399
-237.158
-238.918
-240.677
-242.437
-244.198
-245.961
-247.725
-249.491
-251.26
-253.031
-254.805
-256.582
-258.361
-260.144
-261.93
-263.718
-265.51
-267.305
-269.103
-270.904
-272.707
-274.513
-276.322
-278.133
-279.947
-281.763
-283.581
-285.4
-287.222
-289.044
-290.868
-292.693
-294.519
-296.346
-298.173
-300

0
-3.89304
-7.80586
-11.7585
-15.7716
-19.8667
-24.0663
-28.3941
-32.8751
-37.5356
-42.4024
-47.5018
-52.8586
-58.493
-64.4177
-70.6335
-77.1252
-83.8573
-90.7724
-97.7927
-104.825
-111.771
-118.538
-125.046
-131.238
-137.077
-142.548
-147.653
-152.406
-156.829
-160.949
-164.793
-168.39
-171.766
-174.947
-177.954
-180.807
-183.525
-186.123
-188.616
-191.015
-193.332
-195.576
-197.756
-199.879
-201.952
-203.981
-205.971
-207.927
-209.853
-211.753
-213.63
-215.488
-217.328
-219.153
-220.965
-222.767
-224.56
-226.345
-228.124
-229.898
-231.668
-233.435
-235.201
-236.965
-238.728
-240.491
-242.256
-244.021
-245.787
-247.556
-249.326
-251.099
-252.875
-254.654
-256.435
-258.219
-260.007
-261.798
-263.592
-265.389
-267.189
-268.993
-270.799
-272.608
-274.421
-276.235
-278.053
-279.873
-281.695
-283.519
-285.346
-287.174
-289.003
-290.834
-292.666
-294.498
-296.332
-298.166
-300

0
-3.97479
-7.96979
-12.0054
-16.1025
-20.2824
-24.567
-28.979
-33.5413
-38.2771
-43.209
-48.358
-53.7419
-59.3734
-65.2572
-71.3877
-77.7457
-84.2963
-90.9888
-97.7583
-104.53
-111.224
-117.766
-124.09
-130.146
-135.897
-141.326
-146.428
-151.206
-155.677
-159.859
-163.773
-167.444
-170.893
-174.145
-177.218
-180.133
-182.907
-185.556
-188.094
-190.533
-192.886
-195.161
-197.368
-199.516
-201.61
-203.657
-205.664
-207.634
-209.573
-211.483
-213.37
-215.236
-217.084
-218.916
-220.734
-222.541
-224.339
-226.129
-227.912
-229.69
-231.464
-233.235
-235.004
-236.771
-238.538
-240.305
-242.073
-243.842
-245.612
-247.385
-249.159
-250.936
-252.716
-254.499
-256.285
-258.074
-259.867
-261.663
-263.462
-265.264
-267.07
-268.879
-270.691
-272.507
-274.325
-276.146
-277.97
-279.797
-281.625
-283.456
-285.289
-287.124
-288.96
-290.798
-292.637
-294.477
-296.318
-298.159
-300

0
-4.03631
-8.09308
-12.1909
-16.3506
-20.5934
-24.9405
-29.4135
-34.0339
-38.8225
-43.7986
-48.9792
-54.3776
-60.0013
-65.8502
-71.9146
-78.1735
-84.5933
-91.1283
-97.722
-104.311
-110.829
-117.212
-123.403
-129.357
-135.041
-140.433
-145.524
-150.315
-154.814
-159.036
-162.997
-166.718
-170.219
-173.52
-176.641
-179.6
-182.415
-185.1
-187.67
-190.138
-192.516
-194.814
-197.041
-199.205
-201.314
-203.375
-205.392
-207.373
-209.32
-211.238
-213.131
-215.003
-216.855
-218.692
-220.514
-222.325
-224.126
-225.919
-227.705
-229.486
-231.263
-233.037
-234.808
-236.579
-238.348
-240.119
-241.889
-243.661
-245.435
-247.211
-248.99
-250.771
-252.555
-254.342
-256.132
-257.926
-259.724
-261.524
-263.329
-265.137
-266.948
-268.763
-270.581
-272.402
-274.227
-276.054
-277.885
-279.718
-281.553
-283.391
-285.231
-287.073
-288.917
-290.762
-292.608
-294.455
-296.303
-298.151
-300

0
-4.07736
-8.17531
-12.3145
-16.5157
-20.7999
-25.188
-29.7007
-34.3584
-39.1803
-44.1836
-49.3828
-54.7881
-60.404
-66.2275
-72.247
-78.4403
-84.7752
-91.209
-97.6906
-104.163
-110.568
-116.849
-122.953
-128.84
-134.476
-139.84
-144.92
-149.715
-154.229
-158.473
-162.462
-166.213
-169.745
-173.076
-176.226
-179.212
-182.051
-184.759
-187.349
-189.834
-192.227
-194.538
-196.776
-198.95
-201.068
-203.135
-205.159
-207.144
-209.096
-211.018
-212.914
-214.788
-216.643
-218.482
-220.306
-222.119
-223.921
-225.716
-227.504
-229.286
-231.065
-232.84
-234.614
-236.386
-238.159
-239.931
-241.705
-243.48
-245.256
-247.036
-248.817
-250.602
-252.39
-254.181
-255.976
-257.775
-259.577
-261.383
-263.192
-265.005
-266.822
-268.643
-270.467
-272.295
-274.126
-275.96
-277.797
-279.637
-281.479
-283.324
-285.171
-287.02
-288.871
-290.724
-292.577
-294.432
-296.288
-298.144
-300

0
-4.09783
-8.21629
-12.3761
-16.5979
-20.9026
-25.3108
-29.843
-34.5188
-39.3566
-44.3727
-49.5802
-54.988
-60.599
-66.4091
-72.4054
-78.5657
-84.8583
-91.2419
-97.6681
-104.083
-110.432
-116.661
-122.722
-128.573
-134.183
-139.531
-144.602
-149.395
-153.913
-158.165
-162.164
-165.927
-169.471
-172.814
-175.975
-178.971
-181.819
-184.535
-187.131
-189.623
-192.02
-194.335
-196.576
-198.752
-200.871
-202.94
-204.964
-206.95
-208.901
-210.823
-212.719
-214.593
-216.448
-218.286
-220.11
-221.922
-223.725
-225.52
-227.308
-229.091
-230.87
-232.646
-234.421
-236.195
-237.968
-239.743
-241.518
-243.296
-245.075
-246.857
-248.642
-250.43
-252.222
-254.017
-255.816
-257.619
-259.426
-261.237
-263.052
-264.871
-266.693
-268.52
-270.35
-272.184
-274.021
-275.862
-277.706
-279.553
-281.403
-283.255
-285.109
-286.966
-288.824
-290.685
-292.546
-294.409
-296.272
-298.136
-300

