0
0
0
0
0
0
0
0
0
0
0
0
0
0
0
0
0
0
0
0
0
0
0
0
0
0
0
0
0
0
0
0
0
0
0
0
0
0
0
0
0
0
0
0
0
0
0
0
0
0
0
0
0
0
0
0
0
0
0
0
0
0
0
0
0
0
0
0
0
0
0
0
0
0
0
0
0
0
0
0
0
0
0
0
0
0
0
0
0
0
0
0
0
0
0
0
0
0
0
0

0
0.0939009
0.188542
0.284809
0.383913
0.48765
0.598786
0.721725
0.863679
1.03696
1.26378
1.58739
2.10094
3.03077
5.00446
10
10
10
39.8361
89.951
200
200
200
99.6633
59.8024
40.8926
30.4129
23.8593
19.3842
16.1306
13.6558
11.7103
10.1424
8.85458
7.78095
6.87512
6.10335
5.4404
4.86694
4.36788
3.93127
3.54747
3.20865
2.90838
2.64133
2.40304
2.18977
1.99837
1.82613
1.67077
1.53032
1.40307
1.28757
1.18253
1.08684
0.999544
0.919779
0.846799
0.779943
0.718627
0.662331
0.610595
0.563004
0.519193
0.478829
0.441615
0.407285
0.375596
0.34633
0.319287
0.294288
0.271169
0.249778
0.22998
0.211647
0.194664
0.178926
0.164333
0.150795
0.138229
0.126556
0.115705
0.105606
0.0961987
0.0874227
0.0792231
0.0715478
0.0643477
0.0575765
0.0511899
0.0451461
0.0394049
0.0339278
0.0286778
0.023619
0.0187166
0.0139366
0.00924571
0.00461102
0

0
0.187076
0.375485
0.566814
0.763238
0.967949
1.18583
1.42449
1.69609
2.02044
2.43081
2.98488
3.78561
5.01772
6.98707
10
10
10
59.3934
119.968
200
200
200
138.851
98.654
73.3556
56.9003
45.6406
37.5476
31.483
26.7834
23.0439
20.0057
17.4961
15.3953
13.6174
12.0991
10.7926
9.66078
8.67467
7.81109
7.05134
6.38016
5.78497
5.25532
4.78249
4.35912
3.97899
3.63681
3.32806
3.04883
2.7958
2.56604
2.35706
2.16664
1.99287
1.83406
1.68874
1.55559
1.43345
1.32129
1.21819
1.12335
1.03603
0.955563
0.881371
0.812919
0.749726
0.691358
0.63742
0.587553
0.54143
0.498752
0.459246
0.422663
0.388771
0.357359
0.328231
0.301208
0.276121
0.252816
0.231149
0.210985
0.192198
0.174671
0.158295
0.142964
0.128582
0.115055
0.102296
0.0902204
0.0787491
0.0678049
0.0573138
0.0472044
0.0374071
0.0278541
0.0184789
0.00921582
0

0
0.278946
0.55955
0.843787
1.13435
1.43517
1.75217
2.09441
2.47584
2.91799
3.45423
4.13579
5.03896
6.26746
7.9261
10
10
10
67.7697
130.527
200
200
200
157.087
122.608
96.976
78.1931
64.2561
53.6838
45.4717
38.9523
33.6778
29.3422
25.7306
22.6885
20.102
17.8853
15.9722
14.3111
12.8612
11.5894
10.469
9.47803
8.59837
7.81488
7.11487
6.48762
5.92406
5.41645
4.95817
4.54351
4.16755
3.82605
3.51528
3.23201
2.97342
2.73702
2.52062
2.32228
2.14029
1.97314
1.81946
1.67804
1.54781
1.42778
1.31709
1.21494
1.12062
1.03349
0.952958
0.878492
0.809608
0.74586
0.686842
0.632182
0.581537
0.534591
0.491055
0.450659
0.413154
0.378309
0.345908
0.315752
0.287654
0.261437
0.236938
0.214001
0.192481
0.17224
0.153145
0.135072
0.117902
0.101519
0.0858141
0.0706792
0.0560107
0.0417073
0.0276696
0.0137995
0

0
0.369196
0.740047
1.11452
1.49531
1.88633
2.29341
2.72529
3.19499
3.72159
4.33246
5.06517
5.96704
7.08713
8.44988
10
10
10
71.1583
134.371
200
200
200
166.89
137.714
113.749
94.641
79.5084
67.4613
57.7698
49.8782
43.3751
37.9569
33.3981
29.5289
26.2198
23.3706
20.9027
18.7535
16.8727
15.2195
13.7604
12.4679
11.3189
10.2943
9.37781
8.55577
7.81651
7.15009
6.54795
6.00275
5.50811
5.05851
4.64915
4.27582
3.93484
3.62297
3.33737
3.0755
2.83512
2.61426
2.41113
2.22416
2.05191
1.89312
1.74663
1.61142
1.48655
1.37116
1.26449
1.16583
1.07455
0.99006
0.911824
0.839352
0.772192
0.709928
0.652176
0.598581
0.548814
0.50257
0.459564
0.419532
0.382226
0.347415
0.314879
0.284415
0.255829
0.228938
0.203568
0.179553
0.156735
0.134961
0.114086
0.0939673
0.0744674
0.0554517
0.0367884
0.0183475
0

0
0.457845
0.917008
1.37906
1.84619
2.32159
2.81003
3.31855
3.85742
4.44109
5.08902
5.82551
6.67701
7.66421
8.7863
10
10
10
72.4919
135.8
200
200
200
172.757
147.612
125.664
107.116
91.677
78.8855
68.2702
59.4183
51.9904
45.7155
40.3792
35.8125
31.8812
28.4785
25.5184
22.9314
20.6606
18.6595
16.8895
15.3184
13.9194
12.6699
11.5506
10.5454
9.64041
8.8237
8.08504
7.41562
6.80777
6.25485
5.75104
5.29126
4.87106
4.48652
4.13415
3.81091
3.51405
3.24116
2.99008
2.75887
2.54579
2.34929
2.16795
2.00052
1.84583
1.70286
1.57065
1.44834
1.33514
1.23034
1.13328
1.04335
0.959988
0.88269
0.81098
0.744419
0.6826
0.625148
0.571709
0.521957
0.475585
0.432307
0.391852
0.353967
0.318413
0.284962
0.253398
0.223517
0.195121
0.168022
0.142039
0.116994
0.0927184
0.0690438
0.0458066
0.0228453
0

0
0.545244
1.09119
1.63869
2.18899
2.74404
3.30679
3.88171
4.4753
5.09657
5.75722
6.47103
7.25142
8.10647
9.03115
10
10
10
73.0092
136.337
200
200
200
176.529
154.313
134.183
116.482
101.201
88.136
77.0102
67.5377
59.4564
52.5392
46.5949
41.4649
37.0186
33.1484
29.7658
26.7978
24.1839
21.8736
19.8248
18.002
16.3757
14.9203
13.6146
12.4401
11.3812
10.4244
9.55807
8.77204
8.05758
7.40707
6.81383
6.27199
5.77642
5.32256
4.90642
4.52442
4.1734
3.85055
3.55334
3.27951
3.02705
2.79411
2.57908
2.38044
2.19687
2.02713
1.87012
1.72482
1.59031
1.46574
1.35033
1.24337
1.1442
1.05223
0.966877
0.887639
0.81403
0.745605
0.681948
0.622671
0.56741
0.515826
0.467598
0.422427
0.380026
0.340128
0.302474
0.266822
0.232938
0.200598
0.169584
0.139688
0.110707
0.0824411
0.0546959
0.027279
0

0
0.63203
1.26395
1.89569
2.52729
3.15905
3.79168
4.42652
5.06581
5.71294
6.37255
7.0502
7.75134
8.47921
9.23187
10
10
10
73.2076
136.54
200
200
200
179.047
158.928
140.273
123.432
108.511
95.4508
84.1004
74.2696
65.7624
58.3945
52.001
46.4387
41.585
37.336
33.6042
30.316
27.4094
24.8321
22.5399
20.4955
18.667
17.0274
15.5535
14.2254
13.0262
11.9409
10.9568
10.0629
9.24942
8.50793
7.83102
7.21218
6.64568
6.12643
5.64995
5.21225
4.80977
4.43934
4.09813
3.78358
3.49341
3.22556
2.97816
2.74953
2.53815
2.34261
2.16167
1.99416
1.83903
1.69532
1.56213
1.43866
1.32415
1.21791
1.1193
1.02773
0.942642
0.863525
0.789904
0.721333
0.657393
0.597695
0.54187
0.489572
0.440472
0.394261
0.350642
0.309335
0.270069
0.232587
0.196637
0.161979
0.128378
0.0956029
0.0634295
0.0316353
0

0
0.719029
1.43709
2.15307
2.86572
3.57353
4.27473
4.96727
5.64887
6.31722
6.97016
7.60615
8.22477
8.8273
9.41718
10
10
10
73.2813
136.614
200
200
200
180.731
162.082
144.552
128.464
113.963
101.06
89.6753
79.6826
70.9341
63.2806
56.5816
50.7098
45.5527
41.0126
37.0055
33.4592
30.3124
27.5123
25.0143
22.7799
20.7765
18.9758
17.3536
15.8891
14.5641
13.3632
12.2725
11.2803
10.3761
9.551
8.79684
8.10663
7.47415
6.89388
6.36093
5.87094
5.42003
5.00473
4.6219
4.26877
3.9428
3.64173
3.3635
3.10624
2.86826
2.64803
2.44414
2.2553
2.08036
1.91822
1.76791
1.62851
1.49919
1.37917
1.26773
1.16421
1.068
0.978512
0.89522
0.81762
0.745245
0.677653
0.614432
0.555192
0.499562
0.447194
0.397754
0.350924
0.306402
0.263893
0.223118
0.183801
0.145679
0.10849
0.0719817
0.0359012
0

0
0.807128
1.6125
2.41409
3.20935
3.99504
4.76689
5.51942
6.24568
6.93737
7.58515
8.17984
8.71455
9.18821
9.60961
10
10
10
73.3033
136.636
200
200
200
181.796
164.117
147.393
131.912
117.821
105.154
93.8633
83.8566
75.0163
67.2183
60.3414
54.2727
48.9102
44.1634
39.9532
36.2106
32.8761
29.8983
27.2328
24.8414
22.6912
20.7537
19.0041
17.4212
15.9862
14.6831
13.4976
12.4174
11.4316
10.5307
9.70627
8.95079
8.25772
7.62118
7.03597
6.49744
6.00141
5.54417
5.12237
4.733
4.37333
4.04091
3.73352
3.44913
3.18592
2.9422
2.71646
2.50728
2.31341
2.13365
1.96693
1.81226
1.66871
1.53544
1.41166
1.29663
1.18969
1.0902
0.99756
0.911231
0.83069
0.755454
0.685063
0.619088
0.557119
0.498769
0.44367
0.391469
0.34183
0.294427
0.248949
0.205092
0.16256
0.121067
0.080328
0.0400646
0

0
0.897138
1.79197
2.68177
3.56299
4.43089
5.27895
6.09841
6.87767
7.602
8.25378
8.81396
9.26576
9.60161
9.83313
10
10
10
73.2957
136.627
200
200
200
182.338
165.2
148.993
133.972
120.26
107.875
96.7732
86.87
78.0625
70.2416
63.3001
57.1369
51.6597
46.7858
42.4415
38.5623
35.0918
31.9806
29.186
26.6707
24.4023
22.3526
20.497
18.8142
17.2854
15.8942
14.6262
13.4689
12.4109
11.4426
10.5551
9.74084
8.99289
8.30514
7.67216
7.08906
6.55147
6.05547
5.59751
5.17442
4.78331
4.42157
4.08683
3.77695
3.48996
3.22408
2.97766
2.74922
2.53738
2.34087
2.15853
1.9893
1.83217
1.68623
1.55063
1.42458
1.30734
1.19824
1.09662
1.00188
0.913477
0.830868
0.753558
0.681076
0.612978
0.548841
0.488262
0.430856
0.376255
0.324103
0.27406
0.225792
0.178976
0.133298
0.0884458
0.0441143
0

0
0.989636
1.9768
2.95844
3.93049
4.88717
5.8203
6.71833
7.56532
8.3399
9.01467
9.55704
9.93338
10.1196
10.1214
10
10
10
73.2527
136.576
200
200
200
182.358
165.354
149.409
134.73
121.376
109.32
98.4905
88.7942
80.1291
72.3931
65.4883
59.3233
53.8147
48.8873
44.4738
40.5147
36.9575
33.756
30.8696
28.2628
25.9044
23.7672
21.8271
20.0631
18.4568
16.9919
15.654
14.4305
13.3101
12.2829
11.34
10.4737
9.67679
8.94313
8.26707
7.64359
7.06817
6.53673
6.0456
5.59145
5.17129
4.78237
4.42222
4.08857
3.77937
3.49272
3.22691
2.98034
2.75156
2.53923
2.34212
2.15908
1.98906
1.83108
1.68424
1.54768
1.42062
1.30232
1.1921
1.08932
0.993374
0.903687
0.819727
0.740988
0.666989
0.597274
0.53141
0.46898
0.409585
0.352844
0.298384
0.245848
0.194884
0.145152
0.096314
0.0480397
0

0
1.08483
2.16751
3.24523
4.31398
5.36775
6.39756
7.39016
8.32628
9.17849
9.90881
10.4669
10.7917
10.8225
10.5331
10
10
10
73.1391
136.424
200
200
200
181.743
164.451
148.563
134.167
121.198
109.544
99.0816
89.6946
81.2745
73.7218
66.9454
60.8624
55.398
50.4845
46.0616
42.0754
38.478
35.2268
32.2843
29.6172
27.1962
24.9954
22.9918
21.1651
19.4976
17.9732
16.578
15.2995
14.1264
13.0491
12.0585
11.1469
10.3072
9.53307
8.81878
8.15924
7.54984
6.98641
6.4652
5.98278
5.53605
5.12219
4.73864
4.38304
4.05326
3.74733
3.46344
3.19995
2.95532
2.72816
2.51716
2.32113
2.13896
1.9696
1.81211
1.66559
1.5292
1.40217
1.28377
1.17332
1.07017
0.973723
0.883402
0.79867
0.719014
0.643947
0.573006
0.505745
0.44174
0.380578
0.321863
0.26521
0.210245
0.156599
0.103914
0.0518314
0

0
1.18244
2.36361
3.54159
4.71319
5.87315
7.01302
8.11954
9.17225
10.1401
10.9762
11.611
11.9447
11.8461
11.1886
10
10
10
72.8798
135.981
200
200
200
180.165
162.147
146.229
132.181
119.713
108.583
98.6048
89.6361
81.5613
74.2834
67.7187
61.793
56.4405
51.6018
47.2237
43.2585
39.6634
36.4004
33.4351
30.7372
28.2796
26.0381
23.9912
22.1198
20.4068
18.837
17.3968
16.0742
14.8584
13.7395
12.709
11.7591
10.8827
10.0735
9.32586
8.63464
7.9952
7.40332
6.85519
6.34734
5.87661
5.44013
5.03525
4.65958
4.31091
3.98722
3.68665
3.40748
3.14814
2.90717
2.68322
2.47504
2.28147
2.10144
1.93393
1.77802
1.63283
1.49755
1.3714
1.25367
1.14369
1.04081
0.944432
0.853986
0.768931
0.688751
0.612954
0.541069
0.472643
0.407241
0.344442
0.283836
0.225023
0.167615
0.111227
0.0554807
0

0
1.28161
2.56342
3.84503
5.12491
6.39969
7.66302
8.90398
10.1044
11.2347
12.2462
13.0576
13.5309
13.4294
12.3754
10
10
10
72.3991
134.621
200
200
200
176.772
157.747
142.029
128.623
116.897
106.476
97.127
88.6928
81.0605
74.1418
67.8632
62.1614
56.9804
52.2699
47.9846
44.0833
40.5291
37.2884
34.3309
31.6294
29.1594
26.8987
24.8277
22.9285
21.1852
19.5835
18.1104
16.7545
15.5053
14.3535
13.2907
12.3092
11.4022
10.5635
9.7874
9.06891
8.40338
7.78661
7.21477
6.68437
6.19225
5.73548
5.3114
4.91757
4.55175
4.21187
3.89602
3.60247
3.32958
3.07586
2.83992
2.62046
2.41629
2.2263
2.04943
1.88473
1.73128
1.58824
1.4548
1.33021
1.21376
1.1048
1.00269
0.90682
0.816636
0.731592
0.65117
0.574876
0.502232
0.43278
0.366075
0.301685
0.239189
0.178176
0.11824
0.0589801
0

0
1.38093
2.76404
4.15102
5.54278
6.93888
8.33677
9.73044
11.1084
12.4499
13.7179
14.844
15.6931
15.9662
14.8842
10
10
10
72.0961
130.104
200
200
200
169.18
150.044
135.523
123.389
112.784
103.307
94.7432
86.9572
79.8566
73.3709
67.4423
62.0208
57.0619
52.5253
48.374
44.5741
41.0944
37.9064
34.9841
32.3036
29.8432
27.5832
25.5059
23.5948
21.8355
20.2146
18.7201
17.3411
16.0678
14.8913
13.8035
12.7971
11.8655
11.0026
10.203
9.46158
8.77389
8.13577
7.54342
6.99337
6.48246
6.00776
5.56662
5.15657
4.77534
4.42086
4.0912
3.78456
3.49931
3.23392
2.98696
2.75712
2.54316
2.34394
2.1584
1.98552
1.82437
1.67407
1.5338
1.40278
1.28027
1.16558
1.05806
0.957073
0.862039
0.772389
0.687583
0.607103
0.53045
0.457145
0.38672
0.318725
0.252717
0.188263
0.124939
0.0623232
0

0
1.47848
2.96147
4.45318
5.95749
7.47773
9.01635
10.5744
12.1507
13.7406
15.3335
16.9092
18.4333
19.8597
21.196
22.9557
28.7788
42.1206
75.8828
113.7
148.891
160.702
161.488
149.909
137.732
126.637
116.636
107.55
99.2354
91.5912
84.5468
78.0491
72.0548
66.5265
61.4301
56.7341
52.4086
48.4256
44.7583
41.3819
38.273
35.4097
32.7719
30.341
28.0996
26.032
24.1237
22.3616
20.7334
19.2282
17.8358
16.5472
15.3539
14.2483
13.2234
12.273
11.3911
10.5726
9.81259
9.10661
8.45063
7.84092
7.27409
6.74698
6.25672
5.80064
5.3763
4.98144
4.61395
4.27191
3.95351
3.6571
3.38112
3.12414
2.88482
2.66189
2.45421
2.26066
2.08022
1.91194
1.75492
1.60829
1.47127
1.3431
1.22305
1.11045
1.00466
0.905066
0.811077
0.722133
0.637698
0.557253
0.480298
0.406347
0.334929
0.265583
0.197859
0.131313
0.0655046
0

0
1.572
3.15097
4.74383
6.35764
7.99984
9.67839
11.4022
13.1818
15.0308
16.9688
19.0286
21.2737
23.8455
27.0868
31.85
40.041
53.8232
75.6174
99.9232
121.167
132.431
135.346
131.242
124.345
116.665
108.975
101.555
94.5032
87.8502
81.6013
75.7502
70.2853
65.1918
60.4526
56.0496
51.9638
48.1758
44.6664
41.4168
38.4088
35.625
33.0487
30.6643
28.4573
26.414
24.5217
22.7687
21.1442
19.6382
18.2415
16.9457
15.743
14.6263
13.5891
12.6254
11.7296
10.8968
10.1223
9.40175
8.73132
8.10736
7.52655
6.9858
6.48228
6.01338
5.57667
5.1699
4.791
4.43802
4.10918
3.8028
3.51733
3.25133
3.00342
2.77236
2.55696
2.3561
2.16874
1.99391
1.83068
1.67818
1.5356
1.40217
1.27713
1.15981
1.04953
0.945663
0.847605
0.754777
0.666622
0.582605
0.502208
0.424927
0.350274
0.277772
0.206952
0.137353
0.0685199
0

0
1.65906
3.32749
5.01475
6.73099
8.48748
10.2973
12.1766
14.1462
16.2349
18.4854
20.9657
23.7907
27.165
31.459
37.32
45.7154
57.5176
72.8444
89.2132
103.426
112.514
116.23
115.373
111.748
106.711
101.054
95.2025
89.3832
83.7172
78.2703
73.0781
68.158
63.5167
59.1534
55.0628
51.2362
47.6627
44.3302
41.2259
38.3364
35.6486
33.1495
30.8265
28.6675
26.661
24.7964
23.0633
21.4523
19.9545
18.5618
17.2663
16.0612
14.9397
13.8959
12.9241
12.0192
11.1764
10.3914
9.6599
8.9783
8.34307
7.751
7.19909
6.68459
6.20493
5.75772
5.34077
4.952
4.58952
4.25153
3.93638
3.6425
3.36845
3.11288
2.8745
2.65213
2.44465
2.251
2.07019
1.90129
1.74341
1.59572
1.45743
1.32779
1.20608
1.09163
0.98379
0.881939
0.785481
0.693846
0.606481
0.522852
0.442442
0.364746
0.28927
0.215532
0.143054
0.0713662
0

0
1.73737
3.48617
5.25809
7.06585
8.92388
10.8493
12.8636
14.9946
17.2805
19.7758
22.5619
25.7625
29.5688
34.2684
40.26
47.9877
57.6925
69.0347
80.6648
90.8159
97.9774
101.694
102.281
100.572
97.3868
93.3371
88.8294
84.1222
79.3778
74.6982
70.1478
65.7665
61.5784
57.5969
53.8276
50.2713
46.9248
43.7824
40.8367
38.0791
35.5005
33.0911
30.8415
28.7419
26.7832
24.9562
23.2525
21.6637
20.1823
18.8009
17.5127
16.3114
15.191
14.1459
13.1709
12.2614
11.4127
10.6209
9.8819
9.19227
8.54864
7.94793
7.38726
6.86396
6.37553
5.91966
5.49419
5.0971
4.7265
4.38064
4.05787
3.75665
3.47554
3.21319
2.96832
2.73973
2.52631
2.32699
2.14078
1.96673
1.80395
1.65159
1.50886
1.37498
1.24924
1.13094
1.01943
0.914056
0.814227
0.719351
0.628864
0.542217
0.45888
0.378333
0.30007
0.223593
0.148412
0.0740412
0

0
1.80491
3.62285
5.46716
7.35243
9.29525
11.3153
13.437
15.6916
18.1204
20.7798
23.7479
27.1333
31.0841
35.7912
41.4693
48.2888
56.2359
64.9439
73.6024
81.203
86.8931
90.2971
91.4951
90.8822
88.9384
86.0903
82.6684
78.9116
74.9873
71.0114
67.0632
63.1971
59.4494
55.8442
52.3961
49.1135
45.9999
43.0552
40.2768
37.6605
35.2007
32.8909
30.7242
28.6934
26.7912
25.0105
23.3441
21.7852
20.3272
18.9638
17.6891
16.4973
15.3832
14.3417
13.3681
12.458
11.6073
10.8122
10.0689
9.37421
8.7249
8.11804
7.55089
7.02088
6.52561
6.06284
5.63046
5.22651
4.84916
4.49667
4.16742
3.8599
3.57268
3.30442
3.05385
2.81979
2.6011
2.39674
2.20569
2.02702
1.85981
1.70323
1.55645
1.41872
1.28929
1.16746
1.05256
0.943952
0.841007
0.743132
0.649748
0.560297
0.474235
0.391032
0.310167
0.231132
0.153423
0.0765441
0

0
1.86017
3.73438
5.63701
7.58368
9.59205
11.6828
13.8812
16.2183
18.7341
21.4798
24.5217
27.9441
31.849
36.3491
41.5436
47.469
54.0259
60.9101
67.6063
73.5094
78.1043
81.1158
82.5306
82.5348
81.4063
79.4303
76.8559
73.8826
70.6633
67.312
63.9125
60.5255
57.1948
53.9514
50.8166
47.8045
44.924
42.1797
39.5733
37.1039
34.7694
32.5661
30.4895
28.5347
26.6964
24.9688
23.3466
21.8239
20.3955
19.0559
17.7999
16.6228
15.5197
14.4862
13.5181
12.6113
11.762
10.9668
10.2223
9.52531
8.87286
8.26221
7.69075
7.15602
6.65573
6.18773
5.74999
5.34061
4.9578
4.59987
4.26525
3.95244
3.66004
3.38672
3.13123
2.8924
2.66911
2.46031
2.26498
2.08219
1.91103
1.75066
1.60024
1.45902
1.32624
1.2012
1.08321
0.971633
0.865828
0.765192
0.669137
0.577095
0.48851
0.402843
0.319563
0.23815
0.15809
0.0788748
0

0
1.9022
3.81887
5.76472
7.75565
9.80936
11.9463
14.1904
16.5708
19.1227
21.8889
24.9209
28.2785
32.0253
36.2197
40.8944
46.0257
51.497
57.0731
62.4125
67.1339
70.9096
73.5424
74.9886
75.3326
74.735
73.3827
71.4567
69.1146
66.4869
63.6772
60.7659
57.8148
54.8706
51.968
49.1326
46.3826
43.7308
41.1855
38.7517
36.4319
34.2263
32.1339
30.1525
28.279
26.5099
24.8411
23.2684
21.7873
20.3936
19.0826
17.8502
16.6921
15.6043
14.5827
13.6237
12.7236
11.879
11.0868
10.3437
9.64696
8.99375
8.38149
7.80773
7.27016
6.76658
6.29494
5.85331
5.43984
5.05281
4.69059
4.35164
4.03451
3.73782
3.46026
3.20062
2.95772
2.73046
2.5178
2.31874
2.13233
1.95768
1.79393
1.64027
1.49592
1.36013
1.23218
1.1114
0.997122
0.888708
0.785547
0.687043
0.592619
0.501713
0.413773
0.328262
0.24465
0.162413
0.0810347
0

0
1.93067
3.87566
5.84945
7.86749
9.94673
12.1062
14.3678
16.7568
19.3023
22.038
25.0011
28.2303
31.7614
35.6178
39.7968
44.2514
48.8727
53.4826
57.8472
61.7153
64.8694
67.1679
68.5618
69.0858
68.8324
67.9239
66.4889
64.6485
62.5093
60.161
57.6768
55.1154
52.5233
49.9364
47.3823
44.882
42.4507
40.0997
37.8363
35.6656
33.5901
31.6109
29.7277
27.9391
26.2432
24.6372
23.1183
21.6831
20.3282
19.05
17.8451
16.7098
15.6408
14.6346
13.688
12.7977
11.9606
11.174
10.4349
9.74074
9.08894
8.4771
7.90291
7.36422
6.85896
6.38518
5.94102
5.52474
5.13468
4.76925
4.42698
4.10645
3.80631
3.5253
3.26222
3.01592
2.78531
2.56936
2.36708
2.17754
1.99985
1.83314
1.67662
1.52949
1.39101
1.26047
1.13717
1.02045
0.909676
0.804221
0.703487
0.606889
0.513857
0.423834
0.336273
0.250638
0.166398
0.0830257
0

0
1.94577
3.90526
5.89218
7.92101
10.0073
12.1682
14.4226
16.7914
19.2977
21.9662
24.822
27.888
31.1804
34.702
38.4328
42.32
46.2701
50.1484
53.7898
57.0228
59.6976
61.7113
63.0189
63.6308
63.6004
63.0075
61.9429
60.4983
58.7585
56.7988
54.6834
52.4659
50.1901
47.8916
45.5984
43.3325
41.111
38.9467
36.8491
34.8249
32.8786
31.0129
29.2292
27.5275
25.9072
24.367
22.9049
21.5188
20.2061
18.964
17.7898
16.6806
15.6335
14.6456
13.7141
12.8363
12.0093
11.2307
10.4978
9.80836
9.15994
8.55035
7.97746
7.43926
6.9338
6.45925
6.01386
5.59595
5.20395
4.83634
4.49168
4.16862
3.86585
3.58214
3.31631
3.06724
2.83387
2.61517
2.41018
2.21797
2.03766
1.86839
1.70936
1.5598
1.41895
1.2861
1.16057
1.04167
0.928771
0.82125
0.718498
0.619927
0.524963
0.433041
0.34361
0.256125
0.170049
0.0848509
0

0
1.94821
3.90915
5.89543
7.92016
9.99717
12.1412
14.368
16.6943
19.1373
21.7141
24.4404
27.3274
30.379
33.5864
36.9224
40.3364
43.7507
47.0627
50.1534
52.9014
55.2007
56.9753
58.1865
58.8337
58.9472
58.5794
57.7946
56.6612
55.2462
53.6113
51.8115
49.8943
47.9
45.8621
43.808
41.7598
39.7354
37.7486
35.8101
33.928
32.1082
30.3547
28.6702
27.056
25.5127
24.04
22.6369
21.3021
20.034
18.8306
17.6897
16.6091
15.5865
14.6194
13.7055
12.8424
12.0277
11.2592
10.5345
9.85164
9.20836
8.60268
8.03265
7.49639
6.9921
6.51805
6.0726
5.65417
5.26125
4.8924
4.54624
4.22147
3.91682
3.63111
3.36318
3.11194
2.87636
2.65543
2.44821
2.25377
2.07125
1.8998
1.73863
1.58696
1.44405
1.30918
1.18166
1.06083
0.946045
0.836675
0.732113
0.631766
0.535056
0.441416
0.350287
0.261122
0.173377
0.0865143
0

0
1.93903
3.88956
5.86283
7.87035
9.92405
12.0362
14.2195
16.4866
18.8498
21.3202
23.9061
26.6111
29.4313
32.3522
35.3449
38.3638
41.3455
44.2112
46.8729
49.2426
51.2433
52.8178
53.9342
54.5867
54.7925
54.5861
54.0131
53.1246
51.973
50.6085
49.0773
47.4206
45.6747
43.8702
42.0332
40.1853
38.3443
36.5244
34.7371
32.9913
31.294
29.6501
28.0633
26.5361
25.0699
23.6653
22.3223
21.0404
19.8187
18.6558
17.5502
16.5002
15.5041
14.5598
13.6655
12.8191
12.0185
11.2619
10.5472
9.87249
9.23592
8.63563
8.06985
7.53683
7.03493
6.56254
6.11811
5.70016
5.30726
4.93804
4.5912
4.26547
3.95965
3.67259
3.40317
3.15033
2.91306
2.69039
2.48138
2.28514
2.10079
1.92753
1.76454
1.61108
1.46639
1.32977
1.20053
1.07801
0.961556
0.850548
0.744375
0.642443
0.544169
0.448983
0.356325
0.265643
0.176388
0.0880206
0

0
1.91955
3.84921
5.79873
7.77794
9.79677
11.8652
13.9929
16.1893
18.4625
20.8188
23.2615
25.789
28.3931
31.057
33.7527
36.4407
39.0692
41.5773
43.8985
45.9678
47.7276
49.1346
50.1626
50.804
51.0682
50.978
50.5662
49.871
48.9331
47.7932
46.4896
45.0579
43.5297
41.933
40.2918
38.6267
36.9548
35.2906
33.6456
32.0294
30.4494
28.9114
27.4199
25.9782
24.5883
23.2517
21.9692
20.7409
19.5665
18.4453
17.3764
16.3586
15.3905
14.4707
13.5975
12.7693
11.9845
11.2413
10.538
9.87292
9.2444
8.65079
8.09046
7.56186
7.06344
6.59373
6.15129
5.73473
5.3427
4.97392
4.62714
4.30115
3.99481
3.70699
3.43664
3.18273
2.94427
2.72031
2.50994
2.31227
2.12648
1.95173
1.78725
1.63229
1.4861
1.34799
1.21727
1.09328
0.975372
0.862928
0.755336
0.651999
0.552335
0.455772
0.361747
0.269705
0.179096
0.0893752
0

0
1.89122
3.7911
5.70786
7.64966
9.62452
11.6402
13.704
15.8222
17.9998
20.2396
22.5414
24.9003
27.3061
29.7413
32.1806
34.5898
36.9271
39.1445
41.1913
43.018
44.5812
45.8473
46.7952
47.4168
47.717
47.7111
47.4227
46.8805
46.1164
45.1629
44.0521
42.8138
41.4759
40.0631
38.5975
37.0982
35.5815
34.0613
32.5493
31.0551
29.5867
28.1502
26.7507
25.392
24.0769
22.8075
21.5851
20.4104
19.2838
18.205
17.1736
16.1889
15.25
14.3557
13.5049
12.6963
11.9284
11.1999
10.5092
9.85493
9.23561
8.64977
8.09597
7.57278
7.07881
6.61269
6.1731
5.75874
5.36835
5.00072
4.65467
4.32905
4.02278
3.73477
3.46401
3.20951
2.9703
2.74547
2.53412
2.33541
2.1485
1.97259
1.80691
1.65072
1.5033
1.36394
1.23197
1.10672
0.987568
0.87388
0.76505
0.660483
0.559596
0.461816
0.366578
0.273328
0.181512
0.0905843
0

0
1.85554
3.71833
5.59505
7.49227
9.41626
11.3728
13.3671
15.403
17.4831
19.6076
21.7738
23.9753
26.2009
28.4338
30.6513
32.8245
34.9193
36.8975
38.7198
40.3482
41.749
42.8962
43.7725
44.3703
44.6917
44.7472
44.5538
44.1334
43.5109
42.7125
41.7646
40.6926
39.5204
38.2699
36.961
35.6112
34.2358
32.8482
31.4597
30.0798
28.7165
27.3765
26.0651
24.7865
23.544
22.3402
21.1769
20.0554
18.9763
17.9401
16.9466
15.9956
15.0866
14.2187
13.3912
12.603
11.853
11.1401
10.463
9.82056
9.2114
8.63426
8.08787
7.57096
7.08226
6.62052
6.18453
5.77308
5.385
5.01916
4.67444
4.34977
4.04409
3.75639
3.48569
3.23103
2.99148
2.76617
2.55421
2.35479
2.16708
1.9903
1.8237
1.66655
1.51813
1.37775
1.24473
1.11844
0.998226
0.883475
0.77358
0.667947
0.565993
0.467148
0.370846
0.276531
0.18365
0.0916547
0

0
1.81402
3.63392
5.46499
7.31228
9.1805
11.0738
12.9953
14.9474
16.9305
18.9432
20.9813
23.0374
25.1003
27.1545
29.1798
31.152
33.043
34.8223
36.4589
37.923
39.1886
40.2347
41.0474
41.62
41.9528
42.0531
41.9334
41.6105
41.1038
40.4346
39.6247
38.6953
37.6672
36.5596
35.3901
34.1746
32.9275
31.6612
30.3866
29.113
27.8484
26.5994
25.3717
24.1697
22.9972
21.857
20.7514
19.682
18.6499
17.6558
16.7002
15.7831
14.9042
14.0633
13.2596
12.4925
11.7611
11.0646
10.4018
9.77187
9.17361
8.60592
8.06769
7.55776
7.07502
6.61833
6.18658
5.77866
5.39348
5.02998
4.68712
4.36389
4.05928
3.77234
3.50211
3.24769
3.00818
2.78273
2.57049
2.37066
2.18244
2.00507
1.8378
1.67992
1.53073
1.38954
1.25568
1.12853
1.00743
0.89179
0.78099
0.674445
0.571575
0.471808
0.374581
0.279337
0.185524
0.0925937
0

0
1.76808
3.54078
5.32208
7.11571
8.92499
10.7526
12.6003
14.4689
16.3574
18.2633
20.1815
22.1044
24.021
25.9172
27.7756
29.5756
31.294
32.9063
34.3876
35.7144
36.8661
37.826
38.5826
39.13
39.4678
39.6009
39.5388
39.2942
38.8827
38.3214
37.6283
36.8214
35.9185
34.9362
33.8904
32.7953
31.6641
30.5083
29.3383
28.1631
26.9903
25.8268
24.6782
23.5491
22.4434
21.3644
20.3145
19.2958
18.3097
17.3571
16.439
15.5555
14.7068
13.8929
13.1133
12.3676
11.6553
10.9756
10.3277
9.71087
9.12408
8.56643
8.03692
7.53456
7.05835
6.60726
6.18028
5.7764
5.39462
5.03394
4.6934
4.37204
4.06891
3.78311
3.51373
3.2599
3.02076
2.79548
2.58326
2.38329
2.19482
2.0171
1.8494
1.69101
1.54125
1.39944
1.26494
1.13709
1.01528
0.898903
0.78735
0.680038
0.57639
0.475835
0.377814
0.281769
0.18715
0.0934088
0

0
1.71903
3.44155
5.17037
6.90804
8.65667
10.4177
12.1919
13.9787
15.7764
17.5814
19.3884
21.1896
22.9749
24.7317
26.4446
28.0963
29.6675
31.1383
32.4886
33.6996
34.7547
35.6406
36.3477
36.8709
37.2094
37.3666
37.3496
37.1683
36.8353
36.3644
35.7705
35.0688
34.2746
33.4023
32.4659
31.4784
30.4515
29.3961
28.3217
27.2371
26.1496
25.0658
23.9913
22.931
21.8889
20.8683
19.872
18.9022
17.9606
17.0486
16.1671
15.3168
14.498
13.7109
12.9554
12.2313
11.5382
10.8756
10.243
9.63955
9.06463
8.51742
7.99708
7.50273
7.03348
6.58843
6.16665
5.76723
5.38925
5.0318
4.69396
4.37483
4.07354
3.78922
3.52101
3.26807
3.02959
2.80476
2.59281
2.39296
2.20447
2.02662
1.85869
1.7
1.54986
1.40761
1.27262
1.14424
1.02187
0.904899
0.792732
0.684786
0.580488
0.479272
0.380578
0.283851
0.188544
0.0941081
0

0
1.66808
3.33863
5.01347
6.6941
8.38164
10.0766
11.7786
13.4864
15.1976
16.9082
18.6125
20.3032
21.971
23.6043
25.1901
26.7134
28.1584
29.5085
30.7474
31.86
32.8327
33.6546
34.318
34.8184
35.1549
35.3297
35.3483
35.2186
34.9505
34.5555
34.0459
33.4347
32.7348
31.9589
31.1193
30.2275
29.2944
28.3297
27.3425
26.3409
25.3321
24.3223
23.3172
22.3215
21.3393
20.3741
19.4289
18.5059
17.6073
16.7344
15.8886
15.0706
14.2811
13.5205
12.7889
12.0862
11.4123
10.7669
10.1496
9.55983
8.99702
8.46053
7.94963
7.4636
7.00164
6.56295
6.14671
5.75208
5.37823
5.02431
4.68948
4.3729
4.07374
3.79118
3.52441
3.27263
3.03505
2.81091
2.59946
2.39994
2.21164
2.03385
1.86588
1.70705
1.5567
1.41418
1.27885
1.15009
1.02729
0.909862
0.797208
0.688752
0.583924
0.482161
0.382907
0.285609
0.189722
0.0946998
0

0
1.61627
3.23415
4.85455
6.47813
8.10513
9.73526
11.3675
12.9999
14.6295
16.2522
17.8623
19.4529
21.0153
22.5393
24.0136
25.4255
26.7615
28.0081
29.1517
30.18
31.0819
31.8485
32.4733
32.9526
33.2852
33.4728
33.5197
33.4321
33.218
32.8869
32.4492
31.9158
31.2977
30.6062
29.852
29.0454
28.1962
27.3134
26.4054
25.4796
24.543
23.6016
22.6609
21.7255
20.7996
19.8867
18.9898
18.1115
17.2539
16.4186
15.6072
14.8205
14.0596
13.3248
12.6165
11.9349
11.2801
10.6517
10.0497
9.4736
8.92298
8.39732
7.89603
7.4185
6.96403
6.53193
6.12145
5.73186
5.36239
5.01225
4.68067
4.36687
4.07008
3.78951
3.5244
3.27399
3.03753
2.81428
2.60351
2.40451
2.21658
2.03903
1.87118
1.71237
1.56195
1.41929
1.28376
1.15474
1.03165
0.913881
0.800855
0.692
0.58675
0.484546
0.384835
0.287069
0.190702
0.0951924
0

0
1.56454
3.12993
4.69636
6.26373
7.83161
9.39904
10.9644
12.5254
14.0788
15.6201
17.1441
18.6441
20.1122
21.5394
22.9158
24.2305
25.4721
26.6293
27.691
28.6467
29.4875
30.206
30.7968
31.2565
31.5843
31.7812
31.8506
31.7974
31.6284
31.3513
30.9749
30.5084
29.9615
29.3438
28.6649
27.9339
27.1597
26.3505
25.514
24.6573
23.7867
22.9083
22.027
21.1477
20.2743
19.4104
18.559
17.7229
16.9042
16.1048
15.3263
14.5698
13.8363
13.1265
12.4409
11.78
11.1437
10.5321
9.9452
9.38264
8.84414
8.32931
7.83767
7.3687
6.92183
6.49643
6.09187
5.70746
5.34252
4.99634
4.66819
4.35736
4.0631
3.7847
3.52143
3.27257
3.03739
2.81519
2.60528
2.40695
2.21953
2.04236
1.87477
1.71611
1.56576
1.42309
1.28748
1.15832
1.03504
0.917041
0.803748
0.694595
0.589022
0.486472
0.386399
0.288255
0.1915
0.0955944
0

0
1.51367
3.02757
4.54124
6.05399
7.56481
9.07225
10.5743
12.0682
13.5506
15.0171
16.4626
17.8808
19.2646
20.606
21.8963
23.126
24.2856
25.3655
26.3562
27.2493
28.0372
28.7137
29.2744
29.7163
30.0386
30.2421
30.3294
30.3047
30.1733
29.9419
29.6179
29.2091
28.7239
28.1707
27.5581
26.8941
26.1867
25.4435
24.6715
23.8773
23.067
22.2461
21.4196
20.592
19.7673
18.949
18.1403
17.3438
16.5619
15.7964
15.0491
14.3213
13.6141
12.9283
12.2647
11.6236
11.0054
10.4102
9.83796
9.28867
8.7621
8.25796
7.77588
7.31544
6.87616
6.4575
6.0589
5.67975
5.31944
4.97731
4.6527
4.34495
4.05337
3.77727
3.51597
3.26878
3.03501
2.814
2.60506
2.40753
2.22076
2.04408
1.87687
1.71848
1.5683
1.42572
1.29013
1.16094
1.03757
0.91943
0.805962
0.696601
0.590791
0.487983
0.387631
0.289194
0.192134
0.0959142
0

0
1.46433
2.92838
4.39115
5.85146
7.30785
8.75844
10.2009
11.6323
13.0492
14.4472
15.8214
17.166
18.4746
19.7399
20.9543
22.1097
23.1978
24.2104
25.1397
25.9785
26.7204
27.3602
27.8942
28.3199
28.6365
28.8446
28.9463
28.945
28.8453
28.6526
28.3733
28.0142
27.5826
27.0858
26.5313
25.9265
25.2786
24.5943
23.8802
23.1425
22.3868
21.6183
20.8419
20.0618
19.2821
18.5061
17.737
16.9775
16.23
15.4964
14.7786
14.0779
13.3957
12.7328
12.09
11.468
10.8671
10.2877
9.72972
9.19331
8.67835
8.18465
7.71195
7.2599
6.82811
6.41612
6.02345
5.64956
5.29389
4.95586
4.63485
4.33024
4.0414
3.76768
3.50843
3.26301
3.03076
2.81103
2.60316
2.40653
2.22049
2.04441
1.87766
1.71964
1.56973
1.42733
1.29185
1.16271
1.03933
0.921135
0.807572
0.698081
0.592113
0.489122
0.388567
0.289912
0.19262
0.0961602
0

0
1.4171
2.83349
4.24774
5.65828
7.06326
8.46052
9.84749
11.2211
12.5778
13.9134
15.2232
16.5017
17.7432
18.9411
20.0888
21.179
22.2047
23.1588
24.0347
24.8263
25.5282
26.1359
26.6464
27.0575
27.3683
27.5795
27.6928
27.7108
27.6376
27.4778
27.2368
26.9205
26.5353
26.0876
25.5842
25.0315
24.4362
23.8044
23.1421
22.4551
21.7487
21.0277
20.2969
19.5603
18.8217
18.0847
17.3522
16.6269
15.9114
15.2075
14.5173
13.8421
13.1834
12.5421
11.9191
11.3152
10.7309
10.1664
9.62212
9.09809
8.59431
8.1107
7.64708
7.20318
6.7787
6.37325
5.9864
5.6177
5.26662
4.93266
4.61524
4.31378
4.02771
3.75641
3.49926
3.25566
3.02498
2.80659
2.59987
2.4042
2.21897
2.04356
1.87736
1.71977
1.5702
1.42805
1.29276
1.16373
1.04041
0.922238
0.808649
0.699098
0.593039
0.489932
0.389241
0.290432
0.192975
0.0963407
0

0
1.37244
2.74381
4.11236
5.47617
6.83313
8.18082
9.51651
10.837
12.1389
13.4179
14.6697
15.8892
17.0711
18.2094
19.2983
20.3315
21.3028
22.206
23.0355
23.7861
24.4531
25.0328
25.5225
25.9203
26.2256
26.4388
26.5613
26.5954
26.5444
26.4125
26.2042
25.9247
25.5796
25.1747
24.7159
24.2091
23.6601
23.0749
22.4587
21.8171
21.1548
20.4767
19.787
19.0899
18.3889
17.6874
16.9884
16.2947
15.6086
14.9323
14.2677
13.6162
12.9794
12.3583
11.7539
11.167
10.5983
10.048
9.51669
9.00442
8.5113
8.03733
7.58241
7.14635
6.72891
6.32977
5.94857
5.58491
5.23832
4.90834
4.59445
4.29612
4.01279
3.7439
3.48886
3.2471
3.01801
2.80099
2.59546
2.4008
2.21642
2.04173
1.87612
1.71903
1.56985
1.42802
1.29297
1.16412
1.04092
0.922822
0.809266
0.699711
0.593619
0.490454
0.389685
0.290781
0.193216
0.0964636
0

0
1.33072
2.66011
3.9861
5.30656
6.61911
7.9212
9.20994
10.4822
11.7343
12.9625
14.1624
15.3293
16.4584
17.5443
18.5817
19.565
20.4888
21.3478
22.1371
22.852
23.4886
24.0439
24.5153
24.9013
25.2013
25.4156
25.5454
25.5928
25.5606
25.4522
25.2718
25.0239
24.7135
24.3456
23.9256
23.4588
22.9507
22.4064
21.8312
21.2298
20.607
19.9672
19.3145
18.6529
17.9858
17.3166
16.6481
15.9832
15.3241
14.673
14.0319
13.4023
12.7857
12.1834
11.5962
11.0252
10.471
9.93404
9.41483
8.91361
8.43054
7.96568
7.519
7.09038
6.67964
6.28653
5.91074
5.55191
5.20965
4.88351
4.57304
4.27774
3.99709
3.73057
3.47761
3.23766
3.01016
2.79453
2.59019
2.39656
2.21306
2.03912
1.87415
1.71758
1.56884
1.42737
1.2926
1.16397
1.04094
0.922963
0.809488
0.699979
0.593903
0.490729
0.389929
0.29098
0.193356
0.0965365
0

0
1.29227
2.58298
3.86986
5.15056
6.42254
7.68312
8.92932
10.158
11.3655
12.5483
13.702
14.8225
15.9051
16.9451
17.9375
18.8774
19.76
20.5807
21.335
22.019
22.6294
23.1633
23.6187
23.9942
24.2892
24.504
24.6397
24.6981
24.6815
24.5931
24.4364
24.2155
23.9348
23.5988
23.2124
22.7805
22.308
21.7997
21.2603
20.6944
20.1065
19.5008
18.8811
18.2512
17.6145
16.9743
16.3333
15.6943
15.0597
14.4315
13.8118
13.2022
12.6041
12.0189
11.4477
10.8912
10.3504
9.82579
9.31783
8.82688
8.35316
7.8968
7.45782
7.03618
6.63173
6.2443
5.87361
5.51936
5.1812
4.85873
4.55152
4.25913
3.98106
3.71681
3.46587
3.22769
3.00175
2.78747
2.58431
2.39171
2.2091
2.03591
1.87159
1.71557
1.56729
1.4262
1.29175
1.16338
1.04056
0.922736
0.809379
0.699955
0.593935
0.490793
0.390005
0.291051
0.193411
0.0965667
0

0
1.25732
2.51291
3.76434
5.00907
6.24447
7.46772
8.67584
9.86561
11.0336
12.1761
13.2893
14.369
15.4111
16.411
17.3643
18.2667
19.1137
19.9013
20.6256
21.2831
21.8708
22.3862
22.8276
23.1937
23.4842
23.6991
23.8395
23.9068
23.9032
23.8316
23.6949
23.4969
23.2416
22.933
22.5755
22.1737
21.732
21.2548
20.7467
20.212
19.6547
19.0788
18.4882
17.8864
17.2767
16.6622
16.0458
15.43
14.8172
14.2096
13.6092
13.0175
12.4362
11.8666
11.3097
10.7665
10.2379
9.72451
9.22685
8.74531
8.28018
7.83163
7.39976
6.98456
6.58595
6.20378
5.83784
5.48786
5.15353
4.8345
4.53037
4.24071
3.96508
3.703
3.45397
3.21749
2.99303
2.78007
2.57806
2.38645
2.20471
2.03228
1.86861
1.71314
1.56534
1.42465
1.29053
1.16244
1.03985
0.922209
0.809
0.699691
0.593759
0.490681
0.38994
0.291016
0.193395
0.0965609
0

0
1.22609
2.45031
3.67009
4.88281
6.0857
7.2759
8.45039
9.60596
10.7392
11.8466
12.9245
13.9689
14.9758
15.9412
16.861
17.7312
18.5478
19.3071
20.0056
20.6404
21.2086
21.7082
22.1376
22.4956
22.7818
22.9966
23.1406
23.2152
23.2224
23.1647
23.0448
22.8662
22.6322
22.3468
22.014
21.6378
21.2225
20.7722
20.2911
19.7831
19.2524
18.7025
18.1372
17.5599
16.9738
16.3819
15.787
15.1916
14.5982
14.0088
13.4254
12.8498
12.2834
11.7276
11.1835
10.6523
10.1346
9.63132
9.14292
8.66987
8.21251
7.77105
7.34562
6.93628
6.54299
6.16562
5.80403
5.45797
5.12716
4.8113
4.51
4.22288
3.94952
3.68945
3.44222
3.20733
2.98428
2.77255
2.57164
2.38099
2.20008
2.02838
1.86534
1.71042
1.56309
1.4228
1.28903
1.16123
1.03888
0.921446
0.808405
0.699234
0.593414
0.490427
0.389758
0.290893
0.193319
0.0965255
0

0
1.19871
2.39546
3.58757
4.77231
5.94687
7.10833
8.25364
9.37963
10.483
11.5602
12.6078
13.6219
14.599
15.535
16.4264
17.2693
18.0601
18.7955
19.4724
20.088
20.6398
21.1259
21.545
21.8959
22.1785
22.3928
22.5396
22.6201
22.6361
22.5899
22.4839
22.3213
22.1052
21.8392
21.527
21.1725
20.7794
20.3518
19.8935
19.4085
18.9003
18.3727
17.8291
17.2728
16.707
16.1346
15.5583
14.9806
14.404
13.8304
13.2619
12.7002
12.1468
11.6031
11.0704
10.5496
10.0416
9.54718
9.06697
8.60144
8.15096
7.71579
7.29611
6.892
6.50345
6.1304
5.7727
5.43017
5.10254
4.78954
4.49081
4.206
3.9347
3.67648
3.43089
3.19746
2.97571
2.76514
2.56523
2.37549
2.19537
2.02436
1.86192
1.70753
1.56065
1.42076
1.28733
1.15982
1.03772
0.920503
0.807644
0.698627
0.592937
0.49006
0.389484
0.2907
0.193196
0.0964661
0

0
1.17533
2.34861
3.5171
4.678
5.82846
6.96551
8.08611
9.1871
10.2652
11.3171
12.3392
13.3281
14.2801
15.1917
16.0594
16.8796
17.6491
18.3647
19.0236
19.6232
20.1614
20.6363
21.0467
21.3917
21.671
21.8848
22.0337
22.1189
22.1419
22.1049
22.0102
21.8606
21.6591
21.4091
21.1139
20.7771
20.4025
19.9937
19.5544
19.0884
18.5991
18.09
17.5646
17.026
16.4773
15.9213
15.3607
14.798
14.2356
13.6755
13.1196
12.5698
12.0276
11.4943
10.9712
10.4593
9.95965
9.47292
8.99978
8.54075
8.09624
7.66653
7.25185
6.85229
6.46788
6.0986
5.74432
5.40489
5.08006
4.76958
4.47314
4.19037
3.92091
3.66433
3.42022
3.18811
2.96753
2.758
2.55902
2.37009
2.1907
2.02033
1.85846
1.70456
1.55812
1.41861
1.28551
1.15829
1.03644
0.919433
0.806761
0.697907
0.592359
0.489606
0.389139
0.290451
0.193036
0.0963877
0

0
1.15601
2.30993
3.45894
4.6002
5.73082
6.84782
7.94815
9.02867
10.0862
11.1173
12.1187
13.0871
14.0189
14.9107
15.7592
16.5611
17.3133
18.013
18.6573
19.244
19.7711
20.237
20.6403
20.9804
21.2569
21.4701
21.6205
21.7092
21.7377
21.7079
21.6221
21.4828
21.2929
21.0555
20.7739
20.4514
20.0915
19.6979
19.2739
18.8232
18.3491
17.8552
17.3445
16.8203
16.2855
15.7429
15.1952
14.6448
14.094
13.545
12.9996
12.4595
11.9265
11.4018
10.8867
10.3823
9.88958
9.40925
8.94202
8.48844
8.04893
7.62382
7.21334
6.81763
6.43674
6.07066
5.71929
5.38249
5.06006
4.75175
4.45726
4.17626
3.90839
3.65325
3.41042
3.17946
2.95991
2.7513
2.55315
2.36495
2.18621
2.01641
1.85505
1.70161
1.55557
1.41641
1.28362
1.15668
1.03507
0.918279
0.805796
0.697108
0.591708
0.489087
0.388739
0.290161
0.192847
0.0962949
0

0
1.14085
2.27955
3.41328
4.53914
5.65422
6.75553
7.84002
8.90456
9.94598
10.961
11.9464
12.8988
13.8149
14.6913
15.525
16.3128
17.0517
17.7389
18.372
18.9488
19.4673
19.926
20.3238
20.6599
20.9342
21.1467
21.2981
21.3893
21.4219
21.3975
21.3183
21.1868
21.0057
20.7779
20.5065
20.1949
19.8463
19.4642
19.052
18.6131
18.1508
17.6685
17.1692
16.6562
16.1322
15.6
15.0624
14.5216
13.9799
13.4396
12.9024
12.3701
11.8443
11.3264
10.8177
10.3192
9.83196
9.35674
8.89423
8.44501
8.00952
7.58812
7.18103
6.78843
6.41039
6.04691
5.69792
5.36328
5.04282
4.73629
4.44342
4.16389
3.89735
3.6434
3.40165
3.17166
2.95299
2.74517
2.54772
2.36016
2.18198
2.0127
1.85179
1.69875
1.55307
1.41424
1.28173
1.15504
1.03366
0.917079
0.804779
0.696257
0.591007
0.488523
0.388301
0.28984
0.192637
0.0961912
0

0
1.12987
2.25758
3.38025
4.49499
5.59884
6.68883
7.76189
8.81493
9.84478
10.8482
11.8221
12.763
13.6678
14.5333
15.3563
16.1339
16.8632
17.5416
18.1666
18.7361
19.2484
19.7019
20.0956
20.4288
20.7013
20.9132
21.0651
21.1579
21.1931
21.1724
21.0977
20.9716
20.7965
20.5754
20.3113
20.0073
19.6666
19.2927
18.8888
18.4582
18.0043
17.5303
17.0392
16.5341
16.0179
15.4932
14.9628
14.4289
13.8939
13.3598
12.8286
12.302
11.7815
11.2686
10.7645
10.2704
9.78725
9.31582
8.85683
8.41087
7.97839
7.55976
7.15525
6.76501
6.38913
6.02764
5.68047
5.3475
5.02856
4.72342
4.43182
4.15344
3.88794
3.63495
3.39406
3.16486
2.94689
2.73971
2.54285
2.35581
2.17811
2.00925
1.84873
1.69604
1.55067
1.41212
1.27988
1.15342
1.03225
0.915862
0.803738
0.695377
0.590275
0.487929
0.387837
0.289498
0.192412
0.0960796
0

0
1.12313
2.24408
3.35995
4.46785
5.56481
6.64784
7.71389
8.75987
9.78262
10.779
11.7457
12.6796
13.5775
14.4362
15.2527
16.024
16.7473
17.4202
18.0401
18.6051
19.1135
19.5637
19.9547
20.2859
20.5571
20.7684
20.9204
21.014
21.0506
21.0318
20.9597
20.8366
20.6651
20.4478
20.1879
19.8883
19.5524
19.1832
18.7843
18.3587
17.9098
17.4407
16.9546
16.4543
15.9428
15.4228
14.8968
14.3672
13.8363
13.3061
12.7786
12.2555
11.7384
11.2287
10.7276
10.2363
9.75577
9.2868
8.83011
8.38628
7.9558
7.53902
7.13622
6.74757
6.37316
6.01303
5.66711
5.3353
5.01742
4.71327
4.42257
4.14502
3.88028
3.62798
3.38774
3.15912
2.9417
2.73501
2.53859
2.35196
2.17464
2.00613
1.84592
1.69352
1.54842
1.41011
1.27809
1.15184
1.03087
0.91465
0.80269
0.694483
0.589525
0.487316
0.387354
0.289141
0.192177
0.0959624
0

0
1.12063
2.23907
3.35243
4.4578
5.5522
6.63264
7.69608
8.73942
9.75951
10.7532
11.7172
12.6485
13.5437
14.3998
15.2138
15.9827
16.7037
17.3743
17.9922
18.5553
19.0619
19.5106
19.9004
20.2306
20.501
20.7118
20.8634
20.957
20.9937
20.9753
20.9038
20.7814
20.6108
20.3947
20.136
19.8378
19.5033
19.1358
18.7384
18.3145
17.8673
17.4
16.9156
16.417
15.9073
15.3889
14.8646
14.3366
13.8073
13.2787
12.7527
12.2311
11.7153
11.2069
10.7072
10.2171
9.73772
9.26986
8.81423
8.37142
7.94189
7.52603
7.12408
6.73624
6.36261
6.0032
5.65796
5.32679
5.00952
4.70593
4.41576
4.13871
3.87444
3.62258
3.38275
3.15451
2.93745
2.7311
2.53499
2.34866
2.17161
2.00336
1.84339
1.69122
1.54634
1.40823
1.27639
1.15032
1.02951
0.913457
0.801649
0.693586
0.588768
0.486692
0.386861
0.288773
0.191933
0.095841
0

0
1.12239
2.24259
3.35771
4.46485
5.56103
6.64326
7.70849
8.75361
9.77548
10.7709
11.7367
12.6696
13.5665
14.4242
15.2396
16.0098
16.7321
17.4038
18.0226
18.5865
19.0936
19.5427
19.9325
20.2627
20.5327
20.743
20.8939
20.9866
21.0222
21.0026
20.9297
20.8059
20.6337
20.4159
20.1556
19.8556
19.5194
19.1502
18.7511
18.3256
17.8768
17.4079
16.9221
16.4222
15.9111
15.3916
14.8662
14.3372
13.807
13.2776
12.7508
12.2285
11.7123
11.2034
10.7032
10.2128
9.73312
9.26505
8.80925
8.36632
7.93673
7.52083
7.11889
6.73108
6.35751
5.99818
5.65305
5.322
5.00487
4.70143
4.41142
4.13454
3.87044
3.61876
3.37911
3.15105
2.93417
2.728
2.53207
2.34592
2.16905
2.00096
1.84116
1.68915
1.54443
1.40648
1.27479
1.14887
1.02821
0.91229
0.800619
0.692692
0.588006
0.486061
0.386357
0.288397
0.191683
0.095716
0

0
1.12839
2.25461
3.37578
4.48898
5.59128
6.67966
7.75108
8.80242
9.83052
10.8322
11.8041
12.7431
13.6459
14.5093
15.3302
16.1056
16.8327
17.5088
18.1315
18.6987
19.2086
19.6598
20.0512
20.3822
20.6525
20.8622
21.012
21.1029
21.1363
21.1138
21.0376
20.91
20.7337
20.5115
20.2465
19.9418
19.6007
19.2264
18.8224
18.3919
17.9382
17.4645
16.974
16.4697
15.9543
15.4307
14.9014
14.3688
13.8352
13.3026
12.7729
12.2479
11.7291
11.2179
10.7156
10.2233
9.74191
9.27228
8.8151
8.37093
7.94023
7.52336
7.12057
6.73203
6.35781
5.99794
5.65234
5.32091
5.00345
4.69975
4.40953
4.13248
3.86827
3.61651
3.3768
3.14873
2.93185
2.7257
2.52982
2.34373
2.16693
1.99892
1.83922
1.68731
1.54269
1.40485
1.27329
1.14748
1.02694
0.911146
0.7996
0.691799
0.587239
0.485421
0.385845
0.288012
0.191426
0.0955873
0

0
1.13863
2.27511
3.40658
4.53015
5.64289
6.7418
7.82382
8.88582
9.9246
10.9369
11.9195
12.8689
13.782
14.6554
15.4859
16.2703
17.0059
17.6897
18.3193
18.8926
19.4076
19.8627
20.2571
20.5898
20.8607
21.07
21.2183
21.3065
21.3363
21.3093
21.2277
21.0941
20.9111
20.6817
20.409
20.0963
19.747
19.3644
18.952
18.5132
18.0512
17.5695
17.0712
16.5592
16.0366
15.506
14.9701
14.4312
13.8917
13.3535
12.8186
12.2888
11.7655
11.2503
10.7442
10.2484
9.76385
9.29135
8.83156
8.38504
7.95223
7.53346
7.12898
6.73894
6.36339
6.00235
5.65573
5.32339
5.00516
4.70079
4.41
4.13247
3.86785
3.61576
3.37578
3.14749
2.93044
2.72417
2.52821
2.34206
2.16523
1.99723
1.83755
1.68568
1.54111
1.40334
1.27186
1.14615
1.0257
0.910017
0.798584
0.690899
0.586461
0.484767
0.385318
0.287615
0.19116
0.095454
0

0
1.15306
2.30401
3.45002
4.58824
5.71574
6.82954
7.92658
9.00371
10.0577
11.0852
12.0829
13.0473
13.9751
14.8627
15.7069
16.5045
17.2522
17.9472
18.5869
19.1689
19.6913
20.1524
20.5511
20.8865
21.1586
21.3674
21.5135
21.5983
21.623
21.5897
21.5007
21.3586
21.1662
20.9266
20.6432
20.3193
19.9584
19.5641
19.1399
18.6893
18.2157
17.7226
17.2132
16.6905
16.1575
15.617
15.0716
14.5239
13.9759
13.4298
12.8876
12.3509
11.8212
11.3
10.7885
10.2877
9.79858
9.3219
8.85832
8.40836
7.97244
7.55087
7.14388
6.75158
6.37403
6.01121
5.66301
5.32929
5.00985
4.70442
4.41271
4.13439
3.86909
3.61641
3.37595
3.14725
2.92987
2.72334
2.52716
2.34085
2.1639
1.99582
1.8361
1.68421
1.53966
1.40192
1.27048
1.14484
1.02448
0.908884
0.797553
0.68998
0.585661
0.484091
0.384772
0.287201
0.190882
0.0953143
0

0
1.17165
2.34124
3.50599
4.66309
5.80966
6.94272
8.05921
9.15596
10.2297
11.277
12.2944
13.2784
14.2254
15.1318
15.994
16.8087
17.5725
18.2824
18.9354
19.529
20.0612
20.5302
20.9347
21.2738
21.5474
21.7557
21.8993
21.9794
21.9977
21.9562
21.8575
21.7043
21.4997
21.2469
20.9494
20.6109
20.235
19.8254
19.3858
18.9199
18.4313
17.9234
17.3995
16.8628
16.3164
15.7631
15.2055
14.6462
14.0873
13.531
12.9791
12.4334
11.8955
11.3666
10.848
10.3407
9.84561
9.36348
8.89493
8.44046
8.00046
7.57521
7.1649
6.76964
6.38944
6.02425
5.67395
5.33838
5.01729
4.71043
4.41747
4.13805
3.87181
3.61833
3.37718
3.1479
2.93004
2.7231
2.52659
2.34002
2.16287
1.99464
1.83481
1.68286
1.53828
1.40054
1.26913
1.14353
1.02323
0.907722
0.796488
0.689024
0.584823
0.48338
0.384194
0.286763
0.190587
0.0951659
0

0
1.19432
2.38665
3.57428
4.75448
5.92438
7.08106
8.22145
9.34235
10.4404
11.5122
12.5541
13.5624
14.5333
15.4631
16.3479
17.1841
17.968
18.6965
19.3662
19.9745
20.5191
20.998
21.4098
21.7537
22.0293
22.2369
22.3772
22.4515
22.4618
22.4101
22.2993
22.1322
21.9123
21.643
21.328
20.9713
20.5768
20.1482
19.6896
19.2048
18.6974
18.1712
17.6295
17.0756
16.5127
15.9435
15.3709
14.7973
14.225
13.6561
13.0924
12.5358
11.9876
11.4493
10.922
10.4067
9.9043
9.41547
8.94082
8.48081
8.03579
7.60602
7.19163
6.7927
6.40923
6.04111
5.68822
5.35034
5.02722
4.71857
4.42404
4.14326
3.87584
3.62134
3.37931
3.14929
2.9308
2.72333
2.5264
2.33947
2.16205
1.99361
1.83362
1.68156
1.53691
1.39914
1.26774
1.14217
1.02193
0.906498
0.79536
0.688005
0.583927
0.482617
0.383573
0.286291
0.190269
0.0950054
0

0
1.22099
2.44008
3.65467
4.86209
6.05957
7.24421
8.41296
9.56259
10.6897
11.7907
12.8619
13.8994
14.8992
15.8572
16.7694
17.6316
18.4401
19.1911
19.8813
20.5075
21.0671
21.5581
21.9789
22.3285
22.6065
22.8132
22.9495
23.0169
23.0172
22.9531
22.8274
22.6435
22.405
22.1157
21.7796
21.4009
20.9838
20.5324
20.0509
19.5433
19.0136
18.4654
17.9024
17.328
16.7453
16.1573
15.5668
14.9763
14.388
13.8042
13.2266
12.6569
12.0967
11.5472
11.0097
10.4849
9.97387
9.47715
8.9953
8.52876
8.07783
7.64271
7.22352
6.82028
6.43294
6.06138
5.70541
5.36482
5.0393
4.72853
4.43215
4.14975
3.88092
3.62521
3.38214
3.15123
2.93198
2.72389
2.52643
2.33909
2.16132
1.99261
1.83243
1.68023
1.53549
1.39767
1.26626
1.14072
1.02053
0.905173
0.794133
0.686895
0.582948
0.481783
0.382892
0.285772
0.189919
0.0948291
0

0
1.25153
2.50129
3.7468
4.98552
6.21475
7.43167
8.63324
9.81624
10.9772
12.1124
13.218
14.2898
15.3236
16.315
17.2595
18.1527
18.9904
19.7684
20.4829
21.1304
21.7081
22.2136
22.645
23.0013
23.2821
23.4877
23.6191
23.6779
23.6663
23.5872
23.4437
23.2397
22.979
22.6658
22.3046
21.8999
21.4561
20.9778
20.4694
19.935
19.379
18.8052
18.2173
17.6189
17.0132
16.4034
15.7921
15.1819
14.5752
13.9741
13.3804
12.7957
12.2216
11.6593
11.11
10.5744
10.0534
9.54764
9.05756
8.58355
8.12585
7.68463
7.25995
6.85178
6.46003
6.08454
5.72508
5.38138
5.05312
4.73995
4.44145
4.15722
3.88679
3.62969
3.38543
3.15351
2.93341
2.7246
2.52654
2.33871
2.16056
1.99155
1.83113
1.67876
1.53392
1.39605
1.26462
1.1391
1.01897
0.9037
0.792769
0.685659
0.581857
0.480852
0.382133
0.285194
0.189529
0.0946323
0

0
1.28579
2.56998
3.85026
5.12422
6.38931
7.64278
8.88165
10.1027
11.3023
12.4768
13.622
14.7335
15.8068
16.8371
17.8194
18.749
19.6209
20.4306
21.1737
21.8464
22.4453
22.9677
23.4116
23.7758
24.0597
24.2638
24.3892
24.4377
24.4118
24.3148
24.1503
23.9225
23.6356
23.2944
22.9038
22.4686
21.9938
21.4841
20.9444
20.3792
19.7928
19.1894
18.5729
17.947
17.3151
16.6802
16.0453
15.4128
14.7851
14.1644
13.5525
12.9509
12.3611
11.7844
11.2217
10.674
10.1419
9.62595
9.12665
8.64428
8.17903
7.731
7.30019
6.88654
6.48988
6.11002
5.74668
5.39955
5.06826
4.75241
4.45158
4.16531
3.89311
3.63449
3.38893
3.15589
2.93485
2.72525
2.52655
2.33818
2.15961
1.99027
1.8296
1.67706
1.53211
1.39418
1.26274
1.13726
1.0172
0.902025
0.791219
0.684258
0.580622
0.479798
0.381274
0.28454
0.189088
0.0944099
0

0
1.32358
2.64578
3.96449
5.27751
6.58245
7.87667
9.15728
10.4211
11.6644
12.8834
14.0737
15.2307
16.3493
17.4244
18.4505
19.4221
20.3339
21.1805
21.957
22.659
23.2827
23.8248
24.2832
24.6563
24.9436
25.1457
25.2637
25.2998
25.2571
25.1389
24.9496
24.6938
24.3764
24.0026
23.5778
23.1074
22.5967
22.051
21.4754
20.8748
20.2538
19.6168
18.9679
18.3109
17.6493
16.9863
16.3247
15.6672
15.0162
14.3736
13.7413
13.1209
12.5138
11.921
11.3436
10.7824
10.238
9.71096
9.20152
8.70997
8.23644
7.78095
7.34346
6.92381
6.52181
6.13719
5.76963
5.41876
5.08419
4.76546
4.46211
4.17364
3.89955
3.63929
3.39233
3.1581
2.93606
2.72563
2.52624
2.33732
2.15831
1.98863
1.82771
1.67501
1.52994
1.39197
1.26054
1.13511
1.01514
0.90009
0.789435
0.682647
0.579205
0.478592
0.380292
0.283793
0.188584
0.094156
0

0
1.36466
2.7282
4.0888
5.4445
6.79312
8.13222
9.459
10.7703
12.0624
13.3314
14.5726
15.781
16.9513
18.0776
19.154
20.1741
21.1319
22.0212
22.8365
23.5725
24.2248
24.7898
25.2647
25.648
25.939
26.1382
26.2473
26.2686
26.2058
26.0627
25.8444
25.5559
25.203
24.7915
24.3273
23.8164
23.2646
22.6779
22.0615
21.4208
20.7607
20.0859
19.4006
18.7088
18.0141
17.3197
16.6286
15.9434
15.2665
14.5998
13.9451
13.3041
12.6778
12.0676
11.4742
10.8983
10.3406
9.8014
9.28098
8.77951
8.29705
7.83353
7.38884
6.96276
6.55504
6.16533
5.79327
5.43844
5.10037
4.77859
4.47257
4.18179
3.9057
3.64373
3.39531
3.15985
2.93677
2.72549
2.5254
2.33592
2.15647
1.98646
1.82532
1.67245
1.52731
1.38932
1.25793
1.13258
1.01272
0.89783
0.787359
0.680779
0.577567
0.4772
0.379161
0.282933
0.188005
0.0938644
0

0
1.40871
2.81663
4.2223
5.62407
7.02003
8.40798
9.78527
11.1488
12.495
13.8195
15.1177
16.3842
17.6129
18.7976
19.9313
21.0071
22.0178
22.9565
23.8165
24.5918
25.2772
25.8684
26.3623
26.7569
27.0517
27.2472
27.3453
27.349
27.2623
27.09
26.8377
26.5113
26.1173
25.6623
25.1529
24.5957
23.9974
23.364
22.7016
22.0159
21.312
20.5949
19.8691
19.1387
18.4073
17.6783
16.9548
16.2392
15.5339
14.8409
14.1619
13.4984
12.8516
12.2224
11.6117
11.0201
10.4481
9.89588
9.36373
8.85169
8.35972
7.88768
7.43537
7.0025
6.58874
6.19368
5.8169
5.45791
5.1162
4.79124
4.48246
4.1893
3.91115
3.64743
3.39752
3.16081
2.9367
2.72456
2.52379
2.33377
2.15391
1.9836
1.82225
1.66927
1.52408
1.38611
1.25479
1.12956
1.00987
0.895176
0.784931
0.678604
0.575664
0.475587
0.377852
0.281941
0.187337
0.0935282
0

0
1.45535
2.91034
4.36391
5.81482
7.26153
8.70212
10.1342
11.5547
12.9602
14.3463
15.7079
17.0393
18.334
19.5848
20.7839
21.9234
22.9949
23.9904
24.9021
25.7227
26.4463
27.0676
27.583
27.9904
28.2888
28.4793
28.564
28.5466
28.4317
28.2251
27.9331
27.5627
27.1213
26.6163
26.0552
25.4455
24.7943
24.1084
23.3944
22.6582
21.9056
21.1416
20.371
19.5981
18.8265
18.0597
17.3007
16.5521
15.8161
15.0947
14.3895
13.7019
13.0329
12.3835
11.7544
11.146
10.5588
9.99289
9.44836
8.92518
8.42322
7.94226
7.48198
7.04204
6.622
6.22141
5.83975
5.47648
5.13104
4.80283
4.49124
4.19566
3.91545
3.64997
3.39859
3.16065
2.93553
2.72258
2.52116
2.33064
2.15041
1.97985
1.81835
1.6653
1.52012
1.38222
1.25103
1.12597
1.0065
0.892054
0.782089
0.676065
0.573451
0.473716
0.376337
0.280793
0.186566
0.0931404
0

0
1.50412
3.0084
4.5123
6.01505
7.51557
9.01233
10.5032
11.9855
13.4557
14.9094
16.3413
17.7452
19.114
20.4395
21.7131
22.9254
24.0668
25.1278
26.099
26.9721
27.7395
28.3954
28.9353
29.3567
29.6587
29.8424
29.9107
29.8679
29.7196
29.4726
29.1343
28.713
28.2169
27.6547
27.0348
26.3655
25.6547
24.9099
24.1381
23.3459
22.5393
21.7236
20.9038
20.0842
19.2689
18.461
17.6637
16.8794
16.1105
15.3586
14.6254
13.9121
13.2196
12.5488
11.9003
11.2743
10.6711
10.0908
9.53333
8.99856
8.48624
7.99604
7.52756
7.08034
6.65388
6.24763
5.86101
5.49341
5.1442
4.81273
4.49834
4.20036
3.91812
3.65093
3.39812
3.15901
2.93294
2.71923
2.51723
2.32629
2.14576
1.97502
1.81343
1.66038
1.51528
1.37752
1.24652
1.12171
1.00252
0.888387
0.778765
0.673108
0.570879
0.471547
0.374585
0.279468
0.185677
0.0926933
0

0
1.55447
3.10972
4.66583
6.22264
7.77962
9.33574
10.8893
12.438
13.9783
15.5059
17.0153
18.4999
19.9518
21.3618
22.7201
24.0158
25.2375
26.374
27.4141
28.3477
29.1659
29.8614
30.4291
30.8659
31.171
31.3458
31.3939
31.3205
31.1325
30.838
30.4457
29.9653
29.4063
28.7787
28.0918
27.3551
26.5773
25.7666
24.9306
24.0763
23.2101
22.3378
21.4642
20.5941
19.7312
18.8791
18.0405
17.2181
16.414
15.6297
14.8669
14.1264
13.4093
12.716
12.0471
11.4027
10.783
10.1878
9.61699
9.07031
8.54736
8.04772
7.57088
7.11629
6.68334
6.2714
5.87982
5.50791
5.15497
4.82029
4.50316
4.20286
3.91866
3.64985
3.3957
3.15552
2.92859
2.71422
2.51174
2.32046
2.13973
1.96889
1.80731
1.65436
1.50942
1.37188
1.24116
1.11667
0.997838
0.884096
0.77489
0.669672
0.567901
0.469041
0.372563
0.277941
0.184654
0.0921793
0

0
1.60573
3.21297
4.82255
6.43504
8.0506
9.66882
11.2886
12.9079
14.5238
16.1318
17.7265
19.3006
20.8455
22.3511
23.8058
25.197
26.5113
27.7351
28.8551
29.859
30.7358
31.477
32.0761
32.5298
32.8371
33.0001
33.0232
32.9129
32.6777
32.3271
31.8718
31.3228
30.6915
29.989
29.2262
28.4135
27.5605
26.6763
25.7691
24.8465
23.915
22.9807
22.0488
21.1239
20.2099
19.3103
18.4278
17.5649
16.7234
15.905
15.1109
14.3421
13.5992
12.8826
12.1926
11.5292
10.8925
10.282
9.69761
9.1388
8.6051
8.09594
7.6107
7.14872
6.70932
6.29175
5.89528
5.51915
5.16259
4.82482
4.50508
4.20258
3.91656
3.64626
3.39091
3.14978
2.92212
2.70723
2.50439
2.3129
2.13208
1.96127
1.7998
1.64705
1.50238
1.36517
1.23482
1.11075
0.992361
0.879097
0.770393
0.665697
0.564464
0.466155
0.37024
0.276189
0.18348
0.0915902
0

0
1.6571
3.31658
4.98014
6.64921
8.32479
10.0073
11.6963
13.3904
15.087
16.7822
18.4701
20.1433
21.7924
23.4059
24.9705
26.4715
27.8929
29.2181
30.4312
31.5168
32.4619
33.2556
33.8905
34.3623
34.6706
34.8178
34.8098
34.6549
34.3632
33.9464
33.4173
32.7889
32.0743
31.2864
30.4375
29.5391
28.6021
27.6363
26.6504
25.6526
24.6498
23.6483
22.6533
21.6696
20.7009
19.7507
18.8216
17.9158
17.0352
16.181
15.3544
14.5561
13.7865
13.0459
12.3342
11.6515
10.9974
10.3715
9.77333
9.20234
8.65787
8.13923
7.64568
7.17644
6.7307
6.30766
5.90647
5.52629
5.16629
4.82562
4.50345
4.19895
3.91129
3.63968
3.38331
3.1414
2.91319
2.69793
2.49489
2.30334
2.12258
1.95193
1.79072
1.63829
1.49401
1.35724
1.22738
1.10383
0.985996
0.87331
0.765204
0.661122
0.560517
0.462848
0.367581
0.274187
0.18214
0.0909182
0

0
1.70767
3.41871
5.13585
6.86153
8.59776
10.3459
12.1065
13.879
15.6614
17.4503
19.2399
21.0227
22.7882
24.5238
26.214
27.8416
29.3872
30.8309
32.1529
33.3344
34.3589
35.2135
35.8889
36.3803
36.6873
36.8137
36.767
36.5575
36.1981
35.703
35.0873
34.3667
33.5563
32.6709
31.7244
30.7299
29.6992
28.6428
27.5704
26.4904
25.4101
24.3359
23.2731
22.2264
21.1996
20.1958
19.2175
18.2669
17.3453
16.4541
15.5938
14.7651
13.9682
13.203
12.4694
11.7671
11.0955
10.4541
9.84223
9.25915
8.70406
8.17612
7.67445
7.19817
6.74635
6.31807
5.91242
5.52846
5.16528
4.82197
4.49762
4.19136
3.90231
3.62961
3.37244
3.12998
2.90142
2.686
2.48294
2.29151
2.11098
1.94066
1.77986
1.6279
1.48415
1.34796
1.21871
1.09581
0.978645
0.866648
0.759248
0.655885
0.556009
0.459077
0.364554
0.27191
0.180618
0.0901549
0

0
1.75638
3.51726
5.28654
7.06781
8.86429
10.6785
12.5122
14.3659
16.2387
18.1277
20.0278
21.9312
23.8268
25.7006
27.5348
29.3088
30.9996
32.5824
34.0328
35.3272
36.4452
37.3704
38.0918
38.6037
38.9064
39.005
38.9096
38.6334
38.1924
37.6042
36.8869
36.059
35.1383
34.1418
33.0851
31.9828
30.8477
29.6914
28.5241
27.3545
26.1903
25.0379
23.9026
22.789
21.7007
20.6405
19.6109
18.6135
17.6496
16.7201
15.8254
14.9657
14.141
13.351
12.5953
11.8733
11.1844
10.5277
9.90229
9.30738
8.74196
8.20504
7.6956
7.21262
6.75507
6.32193
5.91217
5.52477
5.15875
4.81312
4.48692
4.17921
3.88906
3.61557
3.35788
3.11512
2.88646
2.6711
2.46825
2.27714
2.09705
1.92725
1.76703
1.61572
1.47265
1.33719
1.2087
1.08658
0.970214
0.859031
0.752455
0.649925
0.550888
0.454801
0.361126
0.269334
0.178897
0.0892925
0

0
1.80204
3.60984
5.42858
7.26322
9.11831
10.9979
12.905
14.8418
16.8086
18.8038
20.8231
22.8588
24.8997
26.9301
28.9297
30.8741
32.7353
34.4828
36.0856
37.5141
38.7425
39.7503
40.5238
41.0568
41.3503
41.412
41.255
40.8967
40.357
39.6578
38.8209
37.8683
36.8207
35.6975
34.5165
33.2935
32.0427
30.7764
29.5054
28.2388
26.9842
25.7481
24.5357
23.3514
22.1984
21.0795
19.9965
18.9509
17.9435
16.9748
16.045
15.154
14.3014
13.4866
12.709
11.9676
11.2616
10.5899
9.95143
9.34513
8.76985
8.22442
7.70768
7.21849
6.75569
6.31814
5.90472
5.51433
5.14589
4.79836
4.47069
4.1619
3.87101
3.59706
3.33916
3.0964
2.86793
2.6529
2.45051
2.25998
2.08054
1.91147
1.75203
1.60156
1.45936
1.32479
1.19722
1.07603
0.960608
0.850375
0.744755
0.643182
0.545104
0.449977
0.357264
0.266434
0.176961
0.0883231
0

0
1.84333
3.69379
5.55796
7.44228
9.3529
11.2955
13.275
15.2953
17.3587
19.4652
21.612
23.7924
25.995
28.2029
30.3931
32.5368
34.5996
36.5434
38.3289
39.9182
41.2781
42.3827
43.2153
43.7689
44.0462
44.0584
43.8231
43.363
42.7036
41.8716
40.8938
39.7961
38.6025
37.3352
36.014
34.6564
33.2776
31.8908
30.5071
29.1357
27.7843
26.4592
25.1654
23.9069
22.6865
21.5066
20.3687
19.2736
18.2219
17.2136
16.2486
15.3262
14.4459
13.6066
12.8074
12.0471
11.3245
10.6384
9.98752
9.37046
8.78595
8.23264
7.70924
7.21445
6.74699
6.30561
5.88908
5.49623
5.12589
4.77693
4.44826
4.13883
3.8476
3.57359
3.31585
3.07344
2.84547
2.63109
2.42945
2.23976
2.06123
1.89311
1.73469
1.58525
1.44412
1.31064
1.18416
1.06406
0.949736
0.840602
0.736077
0.635597
0.538609
0.444567
0.352937
0.263188
0.174795
0.0872388
0

0
1.87883
3.76621
5.67025
7.59898
9.5603
11.5618
13.6107
15.713
17.8736
20.0951
22.3769
24.7141
27.0961
29.5053
31.9159
34.2938
36.5969
38.7772
40.7839
42.5679
44.0859
45.3048
46.204
46.7761
47.0267
46.9721
46.6365
46.0497
45.2441
44.2531
43.1089
41.8423
40.4809
39.05
37.5714
36.0642
34.5446
33.0262
31.5205
30.0366
28.5822
27.163
25.7838
24.4479
23.1578
21.9152
20.7211
19.5759
18.4795
17.4316
16.4315
15.4782
14.5706
13.7074
12.8873
12.1089
11.3706
10.6709
10.0084
9.3814
8.78847
8.22809
7.6988
7.19916
6.72776
6.28324
5.86428
5.4696
5.09794
4.74812
4.41898
4.1094
3.81832
3.54468
3.28751
3.04584
2.81875
2.60534
2.40477
2.21621
2.03887
1.87199
1.71482
1.56665
1.42679
1.29459
1.16939
1.05057
0.937511
0.829634
0.726357
0.627114
0.531354
0.438532
0.348114
0.259572
0.172385
0.0860325
0

0
1.90704
3.82408
5.76076
7.7268
9.73201
11.7862
13.8989
16.0794
18.3354
20.6732
23.0957
25.601
28.1807
30.8175
33.4834
36.1383
38.7305
41.1987
43.4766
45.499
47.209
48.5635
49.537
50.1228
50.3311
50.1859
49.7208
48.9753
47.9908
46.8087
45.4682
44.005
42.4512
40.8349
39.1802
37.5073
35.8333
34.1722
32.5353
30.9315
29.3681
27.8503
26.3821
24.9663
23.6047
22.2982
21.0473
19.8517
18.7108
17.6237
16.589
15.6055
14.6716
13.7855
12.9456
12.1501
11.3971
10.685
10.0118
9.37597
8.77563
8.20916
7.67491
7.17131
6.69683
6.24998
5.82935
5.43355
5.06126
4.71122
4.38221
4.07306
3.78263
3.50987
3.25374
3.01323
2.78741
2.57536
2.37621
2.18912
2.01327
1.84789
1.69223
1.54558
1.40724
1.27653
1.15281
1.03546
0.923848
0.817399
0.715531
0.61768
0.523295
0.431835
0.342767
0.255567
0.169715
0.0846971
0

0
1.92644
3.86427
5.82464
7.81898
9.85904
11.957
14.1253
16.3765
18.7227
21.1746
23.7402
26.4228
29.2182
32.1114
35.0731
38.0575
41.0007
43.8238
46.4385
48.7572
50.7028
52.2189
53.2742
53.864
54.0066
53.7378
53.1045
52.159
50.9549
49.5431
47.9706
46.2793
44.5055
42.6801
40.829
38.9737
37.1315
35.3164
33.5394
31.8088
30.131
28.5105
26.9505
25.4529
24.0186
22.6478
21.3401
20.0945
18.9098
17.7843
16.7163
15.7039
14.7449
13.8373
12.9789
12.1677
11.4014
10.6781
9.99571
9.35219
8.74566
8.17423
7.63612
7.12961
6.65302
6.20477
5.78333
5.38724
5.01509
4.66555
4.33734
4.02923
3.74006
3.46871
3.21412
2.97525
2.75115
2.54086
2.34351
2.15823
1.9842
1.82064
1.66678
1.52191
1.38532
1.25635
1.13433
1.01864
0.90867
0.803829
0.703541
0.607245
0.514391
0.424442
0.336869
0.251151
0.166774
0.0832261
0

0
1.93556
3.88377
5.85715
7.86872
9.93219
12.0622
14.2742
16.5848
19.011
21.5696
24.2758
27.1406
30.1672
33.3466
36.6509
40.0291
43.403
46.6697
49.7098
52.402
54.6406
56.35
57.4925
58.0687
58.1104
57.6715
56.8181
55.62
54.1456
52.4576
50.6118
48.6564
46.6319
44.5717
42.5032
40.4483
38.4242
36.4443
34.5188
32.6551
30.8584
29.1322
27.4784
25.8979
24.3906
22.9558
21.592
20.2975
19.0703
17.9081
16.8083
15.7686
14.7863
13.859
12.9839
12.1587
11.3808
10.648
9.95782
9.30814
8.6968
8.12176
7.58105
7.0728
6.59522
6.14661
5.72534
5.32986
4.9587
4.61045
4.28378
3.97741
3.69013
3.42079
3.16828
2.93157
2.70965
2.50157
2.30642
2.12334
1.95148
1.79006
1.63831
1.4955
1.36093
1.23393
1.11384
1.00003
0.891904
0.788862
0.690334
0.595763
0.504603
0.416322
0.330395
0.246307
0.163549
0.0816137
0

0
1.93309
3.87983
5.85387
7.86963
9.94257
12.0896
14.3296
16.6832
19.1732
21.824
24.6602
27.7045
30.9723
34.4659
38.1648
42.0153
45.9234
49.7537
53.341
56.5133
59.1211
61.0619
62.2919
62.823
62.7106
62.0363
60.8933
59.3749
57.5678
55.5483
53.3816
51.122
48.8136
46.4916
44.1841
41.9125
39.6933
37.5388
35.4575
33.4555
31.5365
29.7025
27.954
26.2907
24.7111
23.2134
21.7951
20.4536
19.186
17.9891
16.8599
15.7952
14.7919
13.8469
12.9573
12.1201
11.3327
10.5922
9.89606
9.24192
8.62739
8.05024
7.50834
6.99968
6.52235
6.07453
5.65451
5.26065
4.89141
4.54532
4.22099
3.9171
3.6324
3.36571
3.11589
2.88188
2.66265
2.45725
2.26474
2.08425
1.91493
1.756
1.60667
1.46623
1.33396
1.20918
1.09126
0.979565
0.873487
0.772441
0.675861
0.583193
0.493898
0.407447
0.323325
0.24102
0.160029
0.0798546
0

0
1.91794
3.85017
5.81113
7.81621
9.88229
12.0283
14.276
16.6503
19.1803
21.8992
24.8437
28.0522
31.5596
35.3886
39.5359
43.9535
48.5317
53.0915
57.3984
61.2008
64.2809
66.4978
67.8037
68.2352
67.8875
66.8853
65.36
63.4352
61.2194
58.8037
56.2624
53.6549
51.0276
48.4163
45.8484
43.344
40.9178
38.5799
36.337
34.1931
32.1498
30.2074
28.3648
26.6198
24.9698
23.4115
21.9413
20.5555
19.2503
18.0216
16.8658
15.7789
14.7573
13.7974
12.8958
12.0492
11.2544
10.5084
9.80841
9.15173
8.53581
7.95823
7.41672
6.90912
6.4334
5.98765
5.57005
5.17891
4.81259
4.4696
4.14847
3.84786
3.56648
3.30312
3.05662
2.82589
2.6099
2.40767
2.21826
2.04078
1.87441
1.71832
1.57176
1.43398
1.3043
1.18203
1.06652
0.957169
0.85336
0.754518
0.66008
0.5695
0.482245
0.397794
0.315638
0.235274
0.156206
0.0779441
0

0
1.8894
3.79327
5.72632
7.70441
9.74524
11.8691
14.0999
16.4666
19.0039
21.7545
24.7694
28.1077
31.8324
36.0008
40.6448
45.7397
51.1675
56.692
61.9706
66.6212
70.3155
72.8566
74.2024
74.4398
73.7327
72.2718
70.2413
67.8022
65.0871
62.2013
59.2266
56.225
53.2434
50.316
47.4678
44.7162
42.073
39.5452
37.1369
34.8493
32.6818
30.6322
28.6974
26.8735
25.1562
23.5407
22.0222
20.5958
19.2566
17.9999
16.8209
15.7153
14.6787
13.707
12.7963
11.943
11.1435
10.3945
9.69292
9.03586
8.42055
7.84441
7.30501
6.80007
6.32745
5.88514
5.47124
5.08397
4.72168
4.38277
4.06578
3.7693
3.49203
3.23272
2.9902
2.76337
2.55117
2.35263
2.1668
1.9928
1.82976
1.67691
1.53345
1.39867
1.27187
1.15238
1.03956
0.93279
0.831478
0.735052
0.642956
0.554654
0.46962
0.387342
0.30732
0.229058
0.152072
0.0758786
0

0
1.84723
3.70854
5.59835
7.5323
9.52806
11.6063
13.7921
16.1164
18.619
21.3508
24.3775
27.7827
31.6678
36.1443
41.3102
47.2007
53.7148
60.5468
67.18
73.0077
77.5134
80.4217
81.7211
81.6011
80.3444
78.2413
75.5453
72.4598
69.1406
65.7037
62.2337
58.7919
55.4219
52.1539
49.0083
45.9981
43.1307
40.4095
37.8346
35.4041
33.1144
30.9608
28.9377
27.0392
25.2592
23.5912
22.0292
20.5669
19.1984
17.918
16.7202
15.5999
14.5521
13.5722
12.6559
11.799
10.9977
10.2484
9.54782
8.89274
8.28023
7.70756
7.17215
6.6716
6.20367
5.76627
5.35742
4.97529
4.61816
4.2844
3.97251
3.68107
3.40872
3.15423
2.91639
2.69409
2.48629
2.29199
2.11024
1.94016
1.7809
1.63166
1.49168
1.36023
1.23662
1.1202
1.01032
0.906385
0.807801
0.714009
0.624462
0.538632
0.456004
0.376076
0.298357
0.222364
0.14762
0.073655
0

0
1.79171
3.59655
5.42794
7.30055
9.23102
11.2391
13.349
15.592
18.0092
20.6567
23.6121
26.9833
30.9176
35.6045
41.2573
48.0448
55.9513
64.6081
73.2029
80.7246
86.3178
89.6055
90.6695
89.9101
87.8143
84.8161
81.2517
77.3648
73.3262
69.2538
65.2279
61.3028
57.5145
53.8858
50.4301
47.1541
44.0596
41.1448
38.4055
35.8359
33.4288
31.1767
29.0712
27.1043
25.2678
23.5536
21.954
20.4616
19.0693
17.7704
16.5588
15.4284
14.3738
13.3898
12.4715
11.6146
10.8148
10.0683
9.37148
8.72095
8.11362
7.54659
7.01718
6.52287
6.06134
5.63041
5.22805
4.85237
4.50162
4.17413
3.86836
3.58288
3.31633
3.06743
2.835
2.61791
2.41511
2.22561
2.04846
1.88277
1.72772
1.5825
1.44636
1.31859
1.1985
1.08543
0.978772
0.877921
0.782303
0.691367
0.604577
0.521417
0.441382
0.363984
0.288742
0.215184
0.142847
0.0712712
0

0
1.72376
3.4591
5.21787
7.01291
8.85878
10.7727
12.7761
14.8968
17.1729
19.6588
22.4352
25.6254
29.4195
34.1039
40.0752
47.7754
57.4435
68.7377
80.3059
90.3772
97.4354
101.022
101.451
99.5653
96.1974
91.9683
87.2926
82.4341
77.559
72.7711
68.1355
63.6917
59.4627
55.4603
51.6881
48.1448
44.8251
41.7211
38.8235
36.1219
33.6053
31.2627
29.0832
27.056
25.171
23.4181
21.7883
20.2726
18.8631
17.5519
16.3321
15.1969
14.1404
13.1568
12.2408
11.3878
10.593
9.85255
9.16247
8.51925
7.91964
7.36059
6.83931
6.3532
5.89986
5.47704
5.08267
4.71483
4.37172
4.05165
3.75307
3.47453
3.21466
2.97218
2.7459
2.5347
2.33753
2.1534
1.98137
1.82057
1.67017
1.52939
1.39747
1.27372
1.15746
1.04805
0.944887
0.847379
0.754968
0.667111
0.58329
0.502999
0.425748
0.35106
0.278469
0.207516
0.137751
0.0687262
0

0
1.64482
3.29923
4.9729
6.6762
8.42057
10.2193
12.0886
14.0493
16.1302
18.374
20.8482
23.6674
27.0352
31.3206
37.1685
45.5429
57.3143
72.5986
88.9114
103.049
112.032
115.602
114.554
110.712
105.451
99.5775
93.5271
87.5319
81.7167
76.1491
70.8646
65.8796
61.1987
56.819
52.7323
48.9272
45.3903
42.1067
39.0613
36.2387
33.6238
31.2018
28.9589
26.8818
24.9579
23.1756
21.5242
19.9934
18.574
17.2575
16.0358
14.9018
13.8488
12.8706
11.9615
11.1165
10.3307
9.5997
8.9196
8.28663
7.69742
7.1488
6.6379
6.16204
5.71876
5.30577
4.92097
4.56239
4.22822
3.91677
3.62647
3.35586
3.10358
2.86835
2.64899
2.44438
2.25348
2.0753
1.90894
1.75352
1.60823
1.47229
1.34498
1.2256
1.1135
1.00805
0.908659
0.814754
0.725788
0.641238
0.560597
0.483376
0.409098
0.337303
0.267537
0.199358
0.13233
0.0660198
0

0
1.55685
3.12097
4.69954
6.29995
7.92986
9.59751
11.312
13.0841
14.9274
16.8616
18.9194
21.1641
23.7365
26.9782
31.7384
39.9168
53.6759
75.435
99.6963
120.879
132.046
134.805
130.458
123.285
115.326
107.373
99.7164
92.4602
85.6382
79.256
73.3066
67.7762
62.6469
57.8984
53.5089
49.4558
45.7166
42.269
39.0914
36.163
33.4644
30.9771
28.6841
26.5694
24.6184
22.8175
21.1544
19.6177
18.1969
16.8827
15.6664
14.54
13.4964
12.5289
11.6317
10.7992
10.0263
9.30865
8.64192
8.0223
7.4463
6.91068
6.4125
5.94902
5.51773
5.11634
4.74271
4.39486
4.07097
3.76936
3.48845
3.2268
2.98304
2.75591
2.54424
2.34692
2.16294
1.99132
1.83116
1.68162
1.54189
1.41121
1.28889
1.17424
1.06662
0.965434
0.870094
0.78005
0.694773
0.613755
0.536506
0.462553
0.391439
0.322717
0.255951
0.190714
0.126587
0.0631528
0

0
1.46208
2.92903
4.40543
5.89554
7.40303
8.93072
10.48
12.0499
13.6361
15.2281
16.806
18.3356
19.7708
21.1194
22.8923
28.712
42.0397
75.7719
113.562
148.728
160.473
161.118
149.195
136.649
125.201
114.88
105.514
96.9642
89.1302
81.9411
75.3412
69.2837
63.7267
58.6316
53.9621
49.684
45.7651
42.1752
38.8861
35.8717
33.1079
30.5725
28.2453
26.1078
24.1431
22.3359
20.6724
19.14
17.7272
16.4239
15.2206
14.1088
13.081
12.1301
11.2499
10.4346
9.67912
8.9786
8.32879
7.72574
7.16587
6.6459
6.16283
5.71392
5.29662
4.90864
4.54781
4.21219
3.89995
3.60941
3.33903
3.08735
2.85305
2.63487
2.43167
2.24237
2.06595
1.90147
1.74807
1.60489
1.47118
1.34619
1.22923
1.11966
1.01686
0.920227
0.829216
0.74329
0.66194
0.584677
0.51103
0.440544
0.372781
0.307311
0.243717
0.181589
0.120525
0.0601271
0

0
1.36285
2.72832
4.09855
5.47491
6.85741
8.24395
9.62897
11.0014
12.3409
13.6108
14.7431
15.6033
15.8934
14.8377
10
10
10
72.0518
130.054
200
200
200
168.56
148.919
133.957
121.438
110.505
100.761
91.9867
84.0469
76.844
70.3017
64.3561
58.951
54.0361
49.5654
45.4973
41.7935
38.4192
35.3431
32.5363
29.9732
27.6303
25.4868
23.5236
21.724
20.0726
18.5558
17.1613
15.878
14.696
13.6063
12.601
11.6728
10.8152
10.0221
9.2884
8.60911
7.97987
7.39669
6.85595
6.35435
5.88886
5.45673
5.05545
4.68269
4.33634
4.01445
3.71523
3.43701
3.17828
2.93761
2.7137
2.50533
2.31138
2.13079
1.96258
1.80584
1.65972
1.52341
1.39616
1.27727
1.16607
1.06192
0.964246
0.872471
0.786061
0.704507
0.62732
0.554032
0.484194
0.41737
0.353142
0.2911
0.230847
0.171991
0.114151
0.0569457
0

0
1.26136
2.52344
3.78636
5.04914
6.30895
7.56004
8.79205
9.98741
11.117
12.1327
12.9537
13.4423
13.3627
12.3381
10
10
10
72.3816
134.602
200
200
200
176.128
156.515
140.275
126.417
114.315
103.594
94.0178
85.4252
77.6958
70.7332
64.4555
58.7913
53.6771
49.056
44.877
41.0942
37.6666
34.5573
31.7336
29.166
26.8285
24.6978
22.7533
20.9764
19.3507
17.8617
16.4963
15.2429
14.091
13.0313
12.0557
11.1565
10.327
9.56136
8.85401
8.20009
7.59516
7.03523
6.51667
6.03617
5.59073
5.17764
4.79438
4.43869
4.10848
3.80183
3.51699
3.25233
3.00637
2.77773
2.56515
2.36743
2.18349
2.01232
1.85296
1.70454
1.56623
1.43727
1.31694
1.20455
1.09946
1.00109
0.908857
0.822226
0.740686
0.663751
0.590957
0.52186
0.456031
0.39306
0.332546
0.274105
0.217357
0.161934
0.107472
0.0536125
0

0
1.15946
2.31824
3.475
4.6272
5.77024
6.89635
7.99299
9.04046
10.0084
10.8505
11.4978
11.8505
11.7778
11.1522
10
10
10
72.8725
135.974
200
200
200
179.441
160.742
144.215
129.646
116.751
105.29
95.073
85.9484
77.7899
70.4892
63.9512
58.0917
52.8354
48.1152
43.8714
40.0509
36.6068
33.4975
30.6861
28.1404
25.8315
23.7345
21.8269
20.0891
18.5038
17.0555
15.7308
14.5174
13.4048
12.3834
11.4446
10.5809
9.78557
9.05248
8.37621
7.75186
7.17503
6.64174
6.14839
5.69175
5.26885
4.87701
4.51381
4.17701
3.86457
3.57465
3.30554
3.05566
2.82359
2.60798
2.40763
2.22139
2.04822
1.88715
1.73726
1.59773
1.46776
1.34662
1.23363
1.12813
1.02953
0.937261
0.850776
0.76957
0.693159
0.621085
0.552908
0.488209
0.426586
0.36765
0.311026
0.25635
0.203268
0.151431
0.100498
0.0501325
0

0
1.05849
2.11547
3.1688
4.21515
5.2493
6.26309
7.24415
8.17414
9.02655
9.76421
10.3373
10.685
10.7461
10.4931
10
10
10
73.1349
136.42
200
200
200
180.894
162.801
146.201
131.204
117.758
105.748
95.043
85.513
77.0341
69.4908
62.7774
56.7981
51.4671
46.7077
42.4524
38.6415
35.2227
32.1501
29.3837
26.8884
24.6336
22.5924
20.7414
19.0601
17.5304
16.1364
14.8643
13.7017
12.6378
11.6628
10.7684
9.94687
9.19149
8.49625
7.85575
7.26518
6.7202
6.21691
5.75182
5.32174
4.92382
4.55545
4.21428
3.89815
3.60511
3.33337
3.0813
2.8474
2.63029
2.4287
2.24146
2.06751
1.90584
1.75553
1.61572
1.48562
1.36448
1.25162
1.14639
1.04817
0.956403
0.870552
0.79011
0.714599
0.643567
0.576584
0.513238
0.453139
0.395909
0.341185
0.288618
0.237868
0.188603
0.140501
0.0932415
0.0465117
0

0
0.959269
1.91673
2.87006
3.81592
4.74943
5.66334
6.54721
7.38626
8.16035
8.84321
9.40307
9.80655
10.029
10.0741
10
10
10
73.2474
136.571
200
200
200
181.334
163.371
146.586
131.217
117.335
104.906
93.8441
84.0335
75.35
67.6702
60.8775
54.8647
49.5357
44.8051
40.5982
36.8493
33.5018
30.5062
27.8199
25.4058
23.2317
21.2699
19.4961
17.8892
16.4309
15.1052
13.8979
12.7969
11.7911
10.8711
10.0284
9.25566
8.54612
7.89394
7.29386
6.7412
6.23178
5.76181
5.32792
4.92707
4.55651
4.21375
3.89653
3.60281
3.33072
3.07858
2.84482
2.62804
2.42693
2.24029
2.06703
1.90613
1.75666
1.61774
1.48859
1.36845
1.25663
1.15248
1.0554
0.964829
0.880228
0.801103
0.726983
0.657426
0.592011
0.530339
0.47203
0.41672
0.364061
0.313718
0.265367
0.218694
0.173393
0.129165
0.0857164
0.0427572
0

0
0.862036
1.72244
2.5792
3.42957
4.26974
5.0943
5.89577
6.66405
7.38607
8.04585
8.62573
9.1096
9.48934
9.7743
10
10
10
73.2841
136.615
200
200
200
181.072
162.765
145.558
129.748
115.461
102.703
91.3993
81.4327
72.6685
64.9694
58.2048
52.255
47.0136
42.387
38.294
34.6642
31.4375
28.5618
25.9926
23.6918
21.6265
19.7682
18.0927
16.5786
15.2078
13.9642
12.8341
11.8053
10.8672
10.0105
9.22692
8.50937
7.85141
7.24738
6.69225
6.18154
5.71125
5.2778
4.87799
4.50892
4.168
3.8529
3.56148
3.29182
3.04219
2.81098
2.59676
2.39819
2.21406
2.04327
1.88479
1.73767
1.60106
1.47415
1.3562
1.24652
1.14447
1.04944
0.960898
0.878308
0.801186
0.729074
0.661542
0.598181
0.538606
0.482453
0.429372
0.379032
0.331112
0.285308
0.241323
0.198869
0.157669
0.117448
0.0779388
0.0388769
0

0
0.76659
1.53206
2.29505
3.05384
3.80614
4.54888
5.27807
5.98867
6.67457
7.32889
7.94481
8.51711
9.04473
9.53385
10
10
10
73.2738
136.606
200
200
200
180.192
161.059
143.137
126.758
112.064
99.0504
87.6221
77.6349
68.9278
61.3403
54.7235
48.9436
43.8837
39.4426
35.5338
32.0837
29.0297
26.3185
23.9049
21.7504
19.8221
18.0919
16.5357
15.1328
13.8653
12.7178
11.6768
10.7308
9.86953
9.08415
8.36687
7.71082
7.10997
6.55899
6.05314
5.58822
5.16049
4.7666
4.40357
4.06872
3.75962
3.47412
3.21024
2.96621
2.74043
2.53142
2.33786
2.15853
1.99232
1.83821
1.69527
1.56263
1.4395
1.32516
1.21892
1.12015
1.02829
0.942775
0.863113
0.788827
0.719477
0.654647
0.593946
0.537008
0.483483
0.433041
0.385368
0.340163
0.29714
0.256021
0.21654
0.178439
0.141466
0.105376
0.0699263
0.0348797
0

0
0.672395
1.34436
2.01539
2.68496
3.35248
4.01744
4.67944
5.33846
5.99507
6.65073
7.30785
7.96956
8.63876
9.31643
10
10
10
73.2047
136.537
200
200
200
178.638
158.145
139.174
122.086
106.988
93.8164
82.4078
72.5618
64.0722
56.7459
50.4109
44.9183
40.141
35.972
32.3214
29.1137
26.2858
23.7844
21.565
19.5897
17.8266
16.2486
14.8325
13.5586
12.4098
11.3717
10.4315
9.57836
8.80277
8.09645
7.45216
6.86355
6.32504
5.83172
5.37922
4.9637
4.58173
4.23026
3.90654
3.60816
3.3329
3.0788
2.84407
2.62713
2.4265
2.24086
2.06902
1.90988
1.76244
1.62578
1.49907
1.38153
1.27246
1.17119
1.07713
0.989719
0.908429
0.832779
0.762321
0.696633
0.635322
0.578019
0.524377
0.474068
0.426784
0.38223
0.340129
0.300213
0.262229
0.22593
0.191082
0.157455
0.124826
0.0929787
0.0616985
0.0307752
0

0
0.578737
1.15776
1.73743
2.31839
2.90172
3.48929
4.08414
4.691
5.31689
5.97142
6.66656
7.41472
8.22443
9.09315
10
10
10
73.0081
136.336
200
200
200
176.217
153.711
133.329
115.425
99.991
86.822
75.6347
66.1363
58.0576
51.1648
45.2609
40.1825
35.7952
31.9885
28.6716
25.7698
23.2211
20.9744
18.9869
17.2228
15.6521
14.2494
12.9932
11.8652
10.8498
9.93364
9.10512
8.35432
7.67262
7.05252
6.48748
5.9718
5.50046
5.06903
4.67364
4.31084
3.97756
3.6711
3.38902
3.12916
2.88957
2.66852
2.46442
2.27587
2.10157
1.94036
1.79119
1.6531
1.5252
1.40669
1.29684
1.19498
1.10047
1.01276
0.931302
0.855618
0.785253
0.719784
0.65882
0.601994
0.548964
0.49941
0.453028
0.409536
0.368664
0.330158
0.293776
0.259287
0.226471
0.195115
0.165014
0.13597
0.107791
0.080288
0.0532764
0.026574
0

0
0.484877
0.97064
1.45838
1.94967
2.44698
2.95415
3.47711
4.02481
4.61031
5.25176
5.97245
6.79848
7.7512
8.83176
10
10
10
72.4915
135.8
200
200
200
172.521
147.153
125.008
106.296
90.731
77.8487
67.1756
58.2944
50.8607
44.5986
39.2893
34.76
30.8733
27.5198
24.6115
22.0774
19.8594
17.9102
16.1904
14.6677
13.3147
12.1089
11.0309
10.0645
9.19579
8.41305
7.70611
7.06621
6.48584
5.95843
5.4783
5.04049
4.64063
4.27492
3.93998
3.63285
3.35089
3.09175
2.85337
2.63387
2.43159
2.24503
2.07287
1.91387
1.76694
1.6311
1.50545
1.38916
1.28148
1.18174
1.08931
1.00361
0.924133
0.850376
0.781898
0.718284
0.659151
0.604143
0.552928
0.505197
0.460661
0.419049
0.380108
0.343597
0.309289
0.276971
0.24644
0.217499
0.189965
0.163658
0.138406
0.114043
0.0904062
0.0673379
0.0446826
0.0222872
0

0
0.390199
0.781654
1.1759
1.5751
1.98258
2.40343
2.84555
3.32102
3.84801
4.45304
5.17316
6.05565
7.15021
8.4827
10
10
10
71.1581
134.371
200
200
200
166.713
137.371
113.257
94.0228
78.7898
66.6684
56.9271
49.0076
42.4951
37.0826
32.5412
28.6983
25.4218
22.6096
20.1812
18.0728
16.2331
14.6205
13.2011
11.9469
10.8345
9.84473
8.96118
8.17016
7.46003
6.82087
6.24419
5.72272
5.25016
4.82109
4.43078
4.07512
3.75051
3.4538
3.18221
2.9333
2.70491
2.4951
2.30218
2.12461
1.96104
1.81024
1.67111
1.54267
1.42402
1.31435
1.21292
1.11908
1.03221
0.951762
0.877224
0.808133
0.744061
0.684615
0.629432
0.578178
0.53054
0.486232
0.444984
0.406547
0.370687
0.337186
0.305837
0.276448
0.248835
0.222826
0.198256
0.174969
0.152815
0.131649
0.111334
0.0917343
0.0727202
0.054164
0.0359406
0.0179267
0

0
0.294315
0.589961
0.888558
1.1924
1.50495
1.8316
2.18081
2.56589
3.0078
3.53938
4.2116
5.10084
6.31133
7.94886
10
10
10
67.7697
130.527
200
200
200
156.962
122.364
96.6247
77.7498
63.7383
53.1097
44.8586
38.316
33.0319
28.698
25.0971
22.0727
19.509
17.3184
15.4338
13.8025
12.3827
11.1409
10.0499
9.0874
8.23506
7.4776
6.80225
6.19827
5.65658
5.16945
4.73031
4.33351
3.97418
3.64812
3.35169
3.08173
2.83547
2.61048
2.40463
2.21605
2.04308
1.88425
1.73824
1.6039
1.48019
1.36617
1.261
1.16393
1.07427
0.991427
0.914827
0.843965
0.778381
0.717653
0.661397
0.609259
0.560916
0.516069
0.474443
0.435784
0.399858
0.366446
0.335345
0.306365
0.279331
0.254077
0.230448
0.208297
0.187486
0.167885
0.14937
0.131822
0.115129
0.0991814
0.0838751
0.0691087
0.0547837
0.040804
0.0270754
0.0135048
0

0
0.197134
0.39537
0.59605
0.801071
1.01332
1.23731
1.4803
1.75405
2.07801
2.48517
3.0331
3.82482
5.04544
7.00143
10
10
10
59.3934
119.968
200
200
200
138.771
98.4973
73.1294
56.6141
45.3052
37.1745
31.0832
26.3672
22.6202
19.582
17.0784
14.9884
13.2249
11.7234
10.4354
9.32293
8.3566
7.51277
6.77243
6.1201
5.54304
5.0307
4.57429
4.16643
3.80089
3.47238
3.17641
2.90911
2.66718
2.44775
2.24835
2.06683
1.9013
1.75012
1.61184
1.48521
1.36908
1.26248
1.16451
1.07439
0.991408
0.914945
0.844433
0.779362
0.719274
0.663755
0.612429
0.564954
0.521021
0.480345
0.442669
0.407754
0.375383
0.345356
0.317488
0.291609
0.26756
0.245195
0.224379
0.204984
0.186892
0.169992
0.15418
0.139357
0.125432
0.112317
0.0999294
0.0881889
0.0770204
0.066351
0.0561109
0.0462321
0.0366488
0.0272967
0.0181125
0.00903421
0

0
0.0988737
0.198369
0.299244
0.402572
0.509992
0.624098
0.749108
0.892053
1.06508
1.29027
1.61083
2.11996
3.0442
5.01141
10
10
10
39.8361
89.951
200
200
200
99.6241
59.7258
40.7819
30.2726
23.6945
19.2005
15.9334
13.4502
11.5006
9.93239
8.64732
7.57882
6.67991
5.91635
5.26246
4.69856
4.2093
3.78249
3.40835
3.07892
2.78769
2.52928
2.2992
2.09368
1.90957
1.74418
1.59521
1.46073
1.33904
1.2287
1.12846
1.03723
0.954049
0.878099
0.808646
0.745049
0.686741
0.633221
0.584042
0.538809
0.497167
0.458798
0.42342
0.390774
0.360631
0.332783
0.30704
0.28323
0.261197
0.2408
0.221908
0.204401
0.188171
0.173116
0.159145
0.14617
0.134114
0.122903
0.112468
0.102746
0.093677
0.0852057
0.0772798
0.0698502
0.0628705
0.0562968
0.0500874
0.0442028
0.0386047
0.033257
0.0281243
0.0231728
0.0183694
0.0136818
0.00907847
0.00452817
0

0
0
0
0
0
0
0
0
0
0
0
0
0
0
0
0
0
0
0
0
0
0
0
0
0
0
0
0
0
0
0
0
0
0
0
0
0
0
0
0
0
0
0
0
0
0
0
0
0
0
0
0
0
0
0
0
0
0
0
0
0
0
0
0
0
0
0
0
0
0
0
0
0
0
0
0
0
0
0
0
0
0
0
0
0
0
0
0
0
0
0
0
0
0
0
0
0
0
0
0

